draws,lp__,accept_stat__,stepsize__,treedepth__,n_leapfrog__,divergent__,energy__,alpha,beta.1,sigma
0,1426.5716300264983,0.9729469237653563,0.09999569550055215,4.0,31.0,0.0,-1425.3549511763135,-0.17658099780320713,1.0053572184630617,0.145899399437193
1,1426.5754835033235,0.9471661451598399,0.10268267199251127,5.0,31.0,0.0,-1424.8854524436174,-0.18754060881702844,1.0087190415269838,0.14842303775620694
2,1425.4829659095328,0.8874971457521352,0.13406260232242445,5.0,35.0,0.0,-1425.2424240586163,-0.24341454203113408,1.0233580328366039,0.14418492257020724
3,1422.6228468856675,0.8871312076023324,0.11295602182469806,2.0,3.0,0.0,-1421.5499315182033,-0.21593468008131372,1.017523677636318,0.13590451332507703
4,1426.940889007048,0.9057128300992903,0.09999569550055215,5.0,31.0,0.0,-1425.8233343050413,-0.1858709044934695,1.0083717781639632,0.14430240979830092
5,1426.4325092198417,0.9157936603978386,0.10268267199251127,2.0,7.0,0.0,-1425.8197249564096,-0.18624619151583025,1.0098783310378336,0.1482771733601677
6,1423.526141842171,0.849149293054277,0.13406260232242445,2.0,3.0,0.0,-1423.3329624476814,-0.24509048196922023,1.0225799204130641,0.14406830588556196
7,1422.7519040755722,0.9622112237667063,0.11295602182469806,3.0,7.0,0.0,-1422.3039126333344,-0.21814573388701128,1.0183978385043706,0.13608004920991654
8,1427.305146273984,0.9996565256887763,0.09999569550055215,4.0,31.0,0.0,-1425.307148969413,-0.21732270882673166,1.017741065625777,0.14550828883992542
9,1427.0754051315312,0.9973233735857052,0.10268267199251127,5.0,31.0,0.0,-1426.2184679631835,-0.19248964528580484,1.0100606655246882,0.1451144085150696
10,1423.346137136741,0.9795450930134918,0.13406260232242445,2.0,7.0,0.0,-1422.3888047503608,-0.2248063391897901,1.0236581463057313,0.14444146008799294
11,1425.8081642114848,0.951738948414389,0.11295602182469806,5.0,31.0,0.0,-1421.6890088497205,-0.23841602950927424,1.0245763607715639,0.14113124443725833
12,1426.507520091558,0.9551455746483415,0.09999569550055215,4.0,19.0,0.0,-1424.7789304245616,-0.23879934309362802,1.0243825202776136,0.14296560228369573
13,1426.9061950476314,0.9772567141697263,0.10268267199251127,4.0,19.0,0.0,-1426.6307978390757,-0.183894438879058,1.0088296836652761,0.1452884864525359
14,1422.3374241561135,0.9742498242628207,0.13406260232242445,2.0,7.0,0.0,-1421.6579607268868,-0.24556455849731304,1.022173358982572,0.14367127288618764
15,1426.1124242184019,0.8016414007839514,0.11295602182469806,2.0,3.0,0.0,-1424.5295106263202,-0.2393248166121931,1.0243070514792132,0.1416382070689252
16,1426.3139932178176,0.9865428502381539,0.09999569550055215,4.0,15.0,0.0,-1426.2022197878134,-0.24044869488820608,1.0239525190319265,0.14260505465375928
17,1426.1671635460668,0.9258282349369525,0.10268267199251127,5.0,35.0,0.0,-1425.4625117624814,-0.25295726756604636,1.0276221398503846,0.14495007374128538
18,1425.1962081176307,1.0,0.13406260232242445,2.0,3.0,0.0,-1422.9616680688416,-0.23508399086651863,1.025376793782814,0.1441973883734619
19,1425.5101816981114,0.8302819832883043,0.11295602182469806,4.0,31.0,0.0,-1422.1975841244123,-0.24240850576126308,1.0242887089611739,0.15025294536953787
20,1423.6799950937295,0.7427411115589568,0.09999569550055215,5.0,31.0,0.0,-1421.5722285915717,-0.1974439426337548,1.0135991881190782,0.1537739315043043
21,1425.7778612769293,0.9993738945712575,0.10268267199251127,5.0,63.0,0.0,-1423.66625240644,-0.19008469742055453,1.0100603984322098,0.15091588958191565
22,1426.405686934818,0.9269951307807281,0.13406260232242445,3.0,15.0,0.0,-1423.4571534639308,-0.23113860565094588,1.0226833195038858,0.14852060450618412
23,1425.36191176,0.9399715685316236,0.11295602182469806,2.0,3.0,0.0,-1424.853130919634,-0.24391403950690493,1.024628939002977,0.15038168173386984
24,1426.56413160983,0.9999682737539182,0.09999569550055215,4.0,19.0,0.0,-1423.0424646909655,-0.2052363941810711,1.0130553072774546,0.14295514308153714
25,1425.1980515815267,0.9981772998832302,0.10268267199251127,4.0,15.0,0.0,-1424.938271675185,-0.1853002178122986,1.0084506728386158,0.15181767053224143
26,1426.7370525844483,0.9608047888534131,0.13406260232242445,4.0,15.0,0.0,-1425.97643251234,-0.23396338250541765,1.022251541091152,0.14753481198073942
27,1423.5948788859944,0.9994367733558758,0.11295602182469806,4.0,15.0,0.0,-1423.2211568971263,-0.2640461553322375,1.032317716971477,0.15183325027193278
28,1427.0394989224314,0.999919647721552,0.09999569550055215,5.0,51.0,0.0,-1426.3216699694283,-0.18930836282376326,1.0099345353896316,0.14676202294844712
29,1426.388703298737,0.9689657620209665,0.10268267199251127,6.0,63.0,0.0,-1422.5827427370966,-0.20506507632242404,1.0150861205695987,0.14134408953976502
30,1427.0097029954404,0.8409147635481146,0.13406260232242445,4.0,19.0,0.0,-1425.216964080779,-0.2188943562204599,1.0192943020065566,0.1450978717642445
31,1424.668224566667,0.976569838078474,0.11295602182469806,5.0,31.0,0.0,-1421.430335146409,-0.25546288518388804,1.029412841762323,0.15099428903039386
32,1426.6626449424982,0.9320686234112936,0.09999569550055215,5.0,31.0,0.0,-1426.3446058248921,-0.18510245789230598,1.0074674330029216,0.14499016256592523
33,1426.759463663419,0.9820573411508309,0.10268267199251127,5.0,31.0,0.0,-1425.8932145039087,-0.2236573237359923,1.0208826994920417,0.14440500961200778
34,1427.066554010549,0.9998765720955025,0.13406260232242445,4.0,27.0,0.0,-1426.774720758026,-0.20563105605776028,1.0143137847024046,0.14775132643241604
35,1424.8824139795279,0.9167931741910936,0.11295602182469806,5.0,31.0,0.0,-1423.5561556068842,-0.2422292763816063,1.0238431786339586,0.15121515307830877
36,1425.3442680519352,0.9995070517802409,0.09999569550055215,5.0,63.0,0.0,-1424.8768420478639,-0.2590978142496482,1.0308912715359622,0.14332299726635822
37,1426.0135979348124,0.9974009949148736,0.10268267199251127,4.0,19.0,0.0,-1425.6652761941061,-0.24933876567863691,1.0259103413681179,0.14651565859721355
38,1427.2458358637257,0.9710352239427188,0.13406260232242445,3.0,11.0,0.0,-1426.7323441529977,-0.2068612656594636,1.0147576125492985,0.14680299496938073
39,1425.734519701753,0.997802585950906,0.11295602182469806,5.0,31.0,0.0,-1424.2965111767262,-0.24686183898189157,1.0265152066538417,0.1495997873165174
40,1427.1471222220873,0.9991521232346803,0.09999569550055215,5.0,47.0,0.0,-1424.26993993207,-0.19801839332377652,1.0117260470416791,0.14631704374828478
41,1425.4888988306993,0.8714187066552332,0.10268267199251127,5.0,31.0,0.0,-1424.3481375684923,-0.2352446520098583,1.0250958892685202,0.14345094888061877
42,1426.41076449008,0.962179695458418,0.13406260232242445,5.0,31.0,0.0,-1426.258987404498,-0.19076862132671354,1.009271127742801,0.14870119134318868
43,1425.4864112506054,0.9958447550184307,0.11295602182469806,5.0,31.0,0.0,-1424.6226975753782,-0.2633652398999677,1.0316023810551802,0.14428558492379454
44,1427.118310982128,0.9423617557020975,0.09999569550055215,3.0,15.0,0.0,-1426.535523169528,-0.1998424264794721,1.012039807377256,0.14587329986533987
45,1427.175672175489,0.998516900536568,0.10268267199251127,4.0,19.0,0.0,-1424.6968638665346,-0.21901730277399714,1.018090167967629,0.14679690139280022
46,1426.1982361656474,0.8245754013920026,0.13406260232242445,2.0,3.0,0.0,-1425.1454511091613,-0.18853816270561607,1.0110338276014534,0.1481425122993886
47,1425.7387675650884,0.8913546201279215,0.11295602182469806,4.0,15.0,0.0,-1424.1229278468927,-0.23996032740213072,1.022763529176352,0.1427832186877034
48,1426.7820667441324,0.6350929744511334,0.09999569550055215,2.0,3.0,0.0,-1423.9989669150518,-0.19549190059508353,1.012875886952402,0.1453891041959609
49,1425.981516172547,0.8658279466631122,0.10268267199251127,4.0,19.0,0.0,-1425.479715318753,-0.21393985299620585,1.0189320663024195,0.14740607243702497
50,1426.4932128519774,0.9995939146296876,0.13406260232242445,5.0,31.0,0.0,-1426.1213729777483,-0.21923901486013322,1.0198081961435925,0.14321062663458917
51,1425.484435118911,0.9487618896188394,0.11295602182469806,3.0,11.0,0.0,-1424.2336180131158,-0.2487967894302348,1.0259473709878792,0.14169386306114212
52,1427.1814055427324,0.9976209683092923,0.09999569550055215,3.0,15.0,0.0,-1426.5809365762948,-0.20222343087811556,1.0141277721324113,0.1444262791661821
53,1424.4248223679751,1.0,0.10268267199251127,5.0,31.0,0.0,-1423.3828577127215,-0.179158350347418,1.0082781570986703,0.15204278707417193
54,1426.4932128519774,0.9696005558442692,0.13406260232242445,1.0,1.0,0.0,-1426.2683974604522,-0.21923901486013322,1.0198081961435925,0.14321062663458917
55,1426.9821641857636,0.970460378459318,0.11295602182469806,5.0,31.0,0.0,-1424.6156172733013,-0.19639504837238728,1.0127730825934698,0.14446870216919155
56,1426.864560619685,0.9518121185202177,0.09999569550055215,3.0,15.0,0.0,-1426.66548656284,-0.206988613389168,1.0161689914517118,0.14474984074677294
57,1424.761087470523,0.9853711799106976,0.10268267199251127,4.0,15.0,0.0,-1423.6110464924136,-0.1967510172542796,1.0106041622905724,0.15217441033287293
58,1425.3510009926938,0.8336802787760483,0.13406260232242445,2.0,7.0,0.0,-1424.7546202723438,-0.22352170886428058,1.0171307239025194,0.1439198260386906
59,1425.7312709312755,0.9943940087901513,0.11295602182469806,4.0,15.0,0.0,-1425.459854048698,-0.20169152862701578,1.0141111385635617,0.14001279636050484
60,1426.5244365584203,0.9436566775934637,0.09999569550055215,4.0,27.0,0.0,-1424.8749732571202,-0.2005856675344326,1.011475438050191,0.14399239735048833
61,1425.2760990192164,1.0,0.10268267199251127,2.0,7.0,0.0,-1424.5479468327337,-0.19534052877022878,1.0109514440040506,0.1518863288395877
62,1427.1463849924694,0.6728753306984299,0.13406260232242445,2.0,3.0,0.0,-1423.587638168431,-0.2219816260121019,1.0187025941348151,0.14442304599805963
63,1425.8899916107853,0.9839765434567816,0.11295602182469806,2.0,3.0,0.0,-1425.6122883794965,-0.2029916838314729,1.013187471450273,0.14013856176989564
64,1425.5823649877718,0.9723133152651372,0.09999569550055215,6.0,63.0,0.0,-1423.1663912106944,-0.24318307792565846,1.0264411686359363,0.14942837413658125
65,1426.7322466685928,0.9864375724424161,0.10268267199251127,5.0,31.0,0.0,-1424.2753908167265,-0.22956132385364186,1.0205497072320115,0.14741233613140475
66,1426.0890104283314,0.8536002548958143,0.13406260232242445,4.0,27.0,0.0,-1425.324940870958,-0.20946666216260237,1.0137861344452663,0.14278303033962
67,1425.929074505041,1.0,0.11295602182469806,2.0,3.0,0.0,-1425.8736730905412,-0.20321767247037162,1.0133371655682166,0.14016031157335263
68,1426.4701714908795,0.7541877787126554,0.09999569550055215,5.0,31.0,0.0,-1423.0912381855217,-0.21113456021448582,1.0146211587388452,0.14791958724024115
69,1426.3281876652277,0.9998060625117685,0.10268267199251127,5.0,31.0,0.0,-1426.0701638788723,-0.2476077257907685,1.027292238104743,0.14557920434088045
70,1425.0780455870558,0.9586002066470259,0.13406260232242445,5.0,31.0,0.0,-1424.6968446227502,-0.22267586128487882,1.0172601128016683,0.14125771183444277
71,1426.962794620003,0.9915329072889422,0.11295602182469806,4.0,15.0,0.0,-1424.8177318858827,-0.19862303140124152,1.0117784669473728,0.14336052805051913
72,1426.1191353320216,0.9579720849905177,0.09999569550055215,4.0,21.0,0.0,-1425.1419950190411,-0.19023672279802453,1.0119750986918372,0.14477823200593973
73,1426.6439820990818,0.9889009057903057,0.10268267199251127,5.0,47.0,0.0,-1425.1855938545482,-0.1847419904179803,1.0074955415940863,0.14399443837036566
74,1426.2513273751988,1.0,0.13406260232242445,2.0,3.0,0.0,-1425.3539977418122,-0.220220803846757,1.0177323109714769,0.1414142190807128
75,1423.75779423148,0.7329260068938921,0.11295602182469806,4.0,27.0,0.0,-1422.0291472905767,-0.21526558786502062,1.0145861451184588,0.15159437471140585
76,1425.6994551102132,0.9834362299285415,0.09999569550055215,3.0,13.0,0.0,-1424.886452665787,-0.19053089542016163,1.0079940703798802,0.14378407396687531
77,1425.1006143064237,0.883106791506348,0.10268267199251127,5.0,63.0,0.0,-1423.9709155891821,-0.18927892514766426,1.0109314362593147,0.15157209299558222
78,1425.9290741572554,0.9751963105146707,0.13406260232242445,5.0,31.0,0.0,-1424.8087735453714,-0.2275138456364937,1.0212640624670952,0.14056139881217508
79,1425.9695023124675,0.9068640579394238,0.11295602182469806,4.0,23.0,0.0,-1421.9030139226873,-0.23601627087904234,1.0216788035946462,0.14298646190023523
80,1426.9463594229717,0.9532688787342166,0.09999569550055215,5.0,43.0,0.0,-1424.8816915486273,-0.23116096682035986,1.0215572111873557,0.1439264976678275
81,1424.505759448039,0.8797088283704774,0.10268267199251127,2.0,3.0,0.0,-1423.598060965661,-0.19064112404647324,1.0083944281698858,0.1517977343535677
82,1426.3112063952406,0.9299583499752468,0.13406260232242445,5.0,47.0,0.0,-1423.8433933731267,-0.17895964732398126,1.0064201271270536,0.14225945984725225
83,1426.454740327683,0.9830201689132224,0.11295602182469806,5.0,31.0,0.0,-1425.517541892284,-0.22346140345054485,1.0208006619348968,0.1482556146843607
84,1426.6878996400005,0.9850898650470856,0.09999569550055215,5.0,63.0,0.0,-1426.0179285659378,-0.18365018556268384,1.0088380179825178,0.14343783244280683
85,1425.8224963139303,0.9974993261375208,0.10268267199251127,5.0,31.0,0.0,-1424.0251200413884,-0.21540102768863031,1.0155939299576966,0.14936227876944516
86,1426.496618984955,0.9510396089466913,0.13406260232242445,5.0,47.0,0.0,-1424.3011094865724,-0.24602250831695766,1.0261724366262406,0.14432089862378028
87,1424.952269409803,0.9997225531290052,0.11295602182469806,4.0,15.0,0.0,-1424.3764306949197,-0.20933555422658856,1.0153970591933243,0.1527368635261909
88,1425.1675546791369,0.8315468438100706,0.09999569550055215,3.0,11.0,0.0,-1424.8611043693713,-0.19089779385573002,1.0079622171403895,0.14231717715880907
89,1426.5735235445215,0.9869227800881722,0.10268267199251127,5.0,31.0,0.0,-1424.9769819580931,-0.17671868439785915,1.0068144764282985,0.14408642090276813
90,1427.3138889953173,0.9962981965943091,0.13406260232242445,5.0,31.0,0.0,-1426.3317842642227,-0.20632610347400837,1.0149655853523127,0.14479996526093405
91,1424.7070406646842,0.9847501074732065,0.11295602182469806,3.0,7.0,0.0,-1424.5192292907725,-0.2050021999742182,1.0147956128379583,0.153030294320244
92,1426.7077120467816,0.8220165459662022,0.09999569550055215,2.0,3.0,0.0,-1423.9165157947803,-0.19263071382859734,1.010228005663257,0.14244113877678188
93,1425.2546604686154,0.984743165133131,0.10268267199251127,5.0,31.0,0.0,-1423.6783411435101,-0.20291619186531634,1.0130021025744287,0.1391759111001213
94,1427.1630012072624,0.9987166686185837,0.13406260232242445,5.0,63.0,0.0,-1426.9355378052448,-0.2258395461168345,1.0203352709244582,0.14602122960628025
95,1427.2856578261444,0.999987736443224,0.11295602182469806,4.0,31.0,0.0,-1424.5098030116042,-0.2143341988060084,1.0172935792585847,0.14601427985410992
96,1426.3331171236637,0.9208004647621645,0.09999569550055215,5.0,31.0,0.0,-1425.6522823606824,-0.20122673591759496,1.0139783102812971,0.14963876176092022
97,1424.4139680362614,0.8706006668972981,0.10268267199251127,3.0,7.0,0.0,-1423.169917603915,-0.20042049680382248,1.0137759552633385,0.13807754633295205
98,1427.1976086262762,0.898592898288455,0.13406260232242445,5.0,47.0,0.0,-1426.103498027664,-0.19343657184057114,1.0108999230648112,0.14595958879449486
99,1426.4020772453434,0.9427757732228804,0.11295602182469806,4.0,15.0,0.0,-1426.0396624249934,-0.20091413528402097,1.0124089659955857,0.14946827352768588
100,1426.5505015398612,0.9374655919265955,0.09999569550055215,5.0,31.0,0.0,-1425.3863894309104,-0.23021230737497292,1.0203917525533441,0.1473131142148704
101,1424.308306491572,0.9934286076803888,0.10268267199251127,2.0,3.0,0.0,-1424.244176486989,-0.20409944790092727,1.0130891207396266,0.13803101140689647
102,1427.3289417764727,0.9983412391377114,0.13406260232242445,4.0,31.0,0.0,-1426.903053903187,-0.21251455199568953,1.0166677083524742,0.1450663670141194
103,1425.9233274338055,0.9608143108697724,0.11295602182469806,3.0,11.0,0.0,-1425.23506365946,-0.19456940407978893,1.0119349373880266,0.15055785227467217
104,1426.119870486695,0.6220614883756537,0.09999569550055215,3.0,15.0,0.0,-1422.367515148211,-0.2328644423192166,1.0240761580195121,0.146141697131047
105,1424.4984001929956,0.9996879951874055,0.10268267199251127,3.0,7.0,0.0,-1424.1158994774494,-0.2003395616535797,1.0124667428180094,0.1380470067283481
106,1426.5724611015305,0.7670060459867025,0.13406260232242445,3.0,15.0,0.0,-1425.6065226858634,-0.2069743262926123,1.016541297707739,0.14542335284673738
107,1425.839803688639,0.9996386323129554,0.11295602182469806,5.0,31.0,0.0,-1424.6274899425443,-0.1804076454882827,1.006477109113878,0.14119489952596795
108,1426.4216608083568,0.9823507158924797,0.09999569550055215,3.0,11.0,0.0,-1425.717913021799,-0.2329079381829005,1.0208825493871578,0.14611618680541155
109,1424.3561211854144,0.7965321441704302,0.10268267199251127,5.0,63.0,0.0,-1420.8202685423264,-0.2677341635365159,1.0305663667458487,0.14763537037867938
110,1426.5546240185497,0.9994455329449754,0.13406260232242445,3.0,15.0,0.0,-1426.0080064468057,-0.2092231287024708,1.0139130783166714,0.1442117339606359
111,1425.0355287255077,0.6346589250204082,0.11295602182469806,5.0,31.0,0.0,-1421.2709000310135,-0.1962848060110708,1.0130256244047016,0.13941624586767007
112,1424.1923314843852,0.8179995092379357,0.09999569550055215,4.0,19.0,0.0,-1422.9096316579562,-0.24564247289001895,1.0231742415662628,0.1437306725531155
113,1426.3365262303107,0.9999485594231524,0.10268267199251127,5.0,31.0,0.0,-1424.1896915777104,-0.22905784406997115,1.0223762559340184,0.14836945458224066
114,1423.3346146165031,0.969322256961452,0.13406260232242445,5.0,63.0,0.0,-1422.4450173376106,-0.28449178599773484,1.0365969863881592,0.14969016995145687
115,1424.5298253279705,0.7957453618074753,0.11295602182469806,2.0,3.0,0.0,-1423.4319778721504,-0.20397178994596282,1.0120483106621652,0.13964285448804742
116,1425.2340515578953,0.9703633587134275,0.09999569550055215,5.0,31.0,0.0,-1422.3299221665484,-0.22125258573185191,1.0205655431247604,0.14031570305849078
117,1426.6248045935188,0.9905139614492819,0.10268267199251127,5.0,31.0,0.0,-1425.8249050722868,-0.20922977011424831,1.0146536743531658,0.14211769159494292
118,1423.7833032590427,0.8801052033892012,0.13406260232242445,5.0,31.0,0.0,-1422.201569440098,-0.2673389651032815,1.03392559095716,0.14988270672842788
119,1425.6073682733534,0.9384426891167559,0.11295602182469806,2.0,3.0,0.0,-1424.3278374598974,-0.19901672662266567,1.0130391125469265,0.13965299759613803
120,1426.0906385914702,0.9590849250707529,0.09999569550055215,4.0,15.0,0.0,-1424.6096212151201,-0.21232060756975338,1.0160369964922915,0.14040637170680256
121,1425.5376385999737,0.9617979623724033,0.10268267199251127,5.0,31.0,0.0,-1424.4696239570649,-0.1658615772400991,1.001431311912762,0.14538357842157176
122,1426.570184145555,0.9927416863323668,0.13406260232242445,5.0,31.0,0.0,-1422.2882284003263,-0.20175472501260253,1.013621258205146,0.14146992342133283
123,1426.8469496988448,0.9943044298705724,0.11295602182469806,5.0,31.0,0.0,-1424.0651320235963,-0.19549879260835085,1.011126111784138,0.14809241256955688
124,1425.696542224297,0.9000437143867805,0.09999569550055215,4.0,15.0,0.0,-1425.125154298925,-0.21662585421343591,1.018121990537875,0.1397855752304015
125,1424.7163233336205,0.8239455474062402,0.10268267199251127,1.0,1.0,0.0,-1424.655951484765,-0.16718588559042818,1.0010392096303884,0.14530073976624647
126,1426.549136174723,0.8714100034719912,0.13406260232242445,5.0,47.0,0.0,-1425.2526834284488,-0.17745188434485534,1.0073362232366556,0.14563163185476624
127,1426.6807887203424,0.8834497443452208,0.11295602182469806,5.0,31.0,0.0,-1425.7375505035368,-0.2117684107233364,1.0151006461905456,0.14790741478391764
128,1426.2888713353773,0.946159337887198,0.09999569550055215,5.0,31.0,0.0,-1424.7613578638156,-0.1808780140761974,1.0062170017429368,0.14769721119098858
129,1425.2617626654003,0.7158288081228396,0.10268267199251127,2.0,7.0,0.0,-1421.9352991592555,-0.16125346293230142,1.0034440686883168,0.14515657437913798
130,1426.818428764091,0.7821271554809465,0.13406260232242445,4.0,19.0,0.0,-1424.2714770481496,-0.18748421521581585,1.0091030423261076,0.14302298578056732
131,1426.8068439379138,0.9930747726165595,0.11295602182469806,5.0,31.0,0.0,-1425.8305840551616,-0.22786005243565338,1.0211409990032572,0.14281192384746189
132,1426.4495266839829,0.9406407682551668,0.09999569550055215,2.0,3.0,0.0,-1425.7758402300824,-0.1806976486480704,1.0064687259958995,0.1477081213235235
133,1426.8926035792745,0.9957384254178542,0.10268267199251127,5.0,35.0,0.0,-1424.617938941334,-0.2085465475116376,1.0165181412591744,0.1465276843222746
134,1425.9640969832474,0.5146272758481637,0.13406260232242445,2.0,3.0,0.0,-1422.831685058972,-0.17886335069005835,1.0084284986336527,0.14376394157871009
135,1426.0677609733884,0.8060258335054625,0.11295602182469806,2.0,3.0,0.0,-1425.7726073866475,-0.22917750016570768,1.019728856583048,0.1425892635935416
136,1426.5707419637345,0.7082848642404386,0.09999569550055215,4.0,27.0,0.0,-1423.0713332167174,-0.19593224586660782,1.0103297530836037,0.14363007508465994
137,1427.004360123818,0.9939931615041051,0.10268267199251127,4.0,23.0,0.0,-1426.1950188013298,-0.1970406496858352,1.0129967315782178,0.1450453150551384
138,1425.0726387674358,0.9984128776549162,0.13406260232242445,4.0,15.0,0.0,-1424.2069430027914,-0.19044769633242123,1.0089605976582128,0.13960848231299905
139,1420.4124556980826,0.751147259777328,0.11295602182469806,5.0,31.0,0.0,-1418.5245454770557,-0.17324726273383195,1.0079741123358048,0.13691277188519657
140,1426.9132137884594,0.7733107966038877,0.09999569550055215,3.0,15.0,0.0,-1423.8035014501763,-0.19179224401558417,1.011424648734367,0.1463657465135371
141,1426.8963285196055,0.907709709756891,0.10268267199251127,4.0,19.0,0.0,-1424.7084820126213,-0.19803497670405268,1.0111777418974053,0.1446086724629983
142,1424.1831936488438,0.7543234295833765,0.13406260232242445,1.0,1.0,0.0,-1424.1134575086598,-0.19121031453545714,1.0082781077186638,0.13958425111871345
143,1424.3996259920473,0.9918799182608224,0.11295602182469806,5.0,31.0,0.0,-1417.937985164119,-0.26533153604076476,1.0332524777236232,0.14858766547321095
144,1426.0399669095189,1.0,0.09999569550055215,3.0,15.0,0.0,-1425.0649682178948,-0.16884444494705944,1.004102577625766,0.14840098842820126
145,1424.0889817185857,0.964837232020769,0.10268267199251127,5.0,31.0,0.0,-1423.4555375807201,-0.1369026256204123,0.9958523700394951,0.145748973695357
146,1420.145375135292,0.3128077115381394,0.13406260232242445,2.0,3.0,0.0,-1418.6078324229672,-0.1768215930207516,1.0103991787728868,0.1401825590723663
147,1426.1332668925868,0.9741992999648343,0.11295602182469806,5.0,31.0,0.0,-1423.2015778959324,-0.1735984002615131,1.0047295122591673,0.14250180221901942
148,1426.3242430952928,0.9990435794026447,0.09999569550055215,3.0,15.0,0.0,-1424.159628125879,-0.17266775585484406,1.004918015727898,0.1479054562626677
149,1424.9816376867097,0.9554258323234135,0.10268267199251127,5.0,31.0,0.0,-1423.151755834072,-0.16290571709715906,1.0005625006462018,0.14853483166640213
150,1425.4465771040634,0.9971386136163074,0.13406260232242445,4.0,31.0,0.0,-1420.9541144754685,-0.17416872990315493,1.0037726024663591,0.14260547891290107
151,1423.7811477921512,0.5247847726729721,0.11295602182469806,2.0,3.0,0.0,-1422.562796057153,-0.1663989693675918,1.0059732247362527,0.14272568728444263
152,1423.5930763518593,0.8847720963640293,0.09999569550055215,3.0,15.0,0.0,-1419.8697614302966,-0.14545382845825824,0.9986720797848305,0.15021146765898324
153,1423.7773787746257,0.9857838509463419,0.10268267199251127,4.0,15.0,0.0,-1423.4953885037999,-0.14500341167206374,0.9951019487180985,0.14760883803069813
154,1423.6989238102742,0.5955424684463365,0.13406260232242445,2.0,3.0,0.0,-1421.5113450542765,-0.17370589402127715,1.0082804155211662,0.14250965756046338
155,1425.8149542170218,0.9994002846076341,0.11295602182469806,5.0,31.0,0.0,-1422.8385510173594,-0.21196830244164083,1.0140585536269628,0.1440121799913965
156,1424.203522548482,1.0,0.09999569550055215,1.0,3.0,0.0,-1423.5293088678752,-0.1467651918926083,0.9976203023413628,0.15027477236039924
157,1425.7281339277902,0.9999667300035664,0.10268267199251127,5.0,31.0,0.0,-1423.149985621615,-0.1735978383378747,1.0062762725229448,0.14926291525219426
158,1425.7156418839268,0.880280079025904,0.13406260232242445,5.0,31.0,0.0,-1421.907935878924,-0.2365647554682014,1.021303312960766,0.1453031988970899
159,1427.3325104537946,1.0,0.11295602182469806,3.0,15.0,0.0,-1425.8194436603155,-0.21155764848489583,1.0164154483323444,0.14521620876576832
160,1424.3266291309908,0.7893712712739013,0.09999569550055215,2.0,3.0,0.0,-1422.7074606249798,-0.1482296813477739,0.9977194442149718,0.15014549998054091
161,1425.554310158269,0.9705790874409637,0.10268267199251127,2.0,3.0,0.0,-1425.3305961434226,-0.178670208703312,1.0053595077372455,0.14951218094502822
162,1427.0016032702342,0.9875430109343185,0.13406260232242445,4.0,19.0,0.0,-1425.0780143155184,-0.22533147815885543,1.0209707255086484,0.1454966388828765
163,1426.1815114343613,0.9971363088079347,0.11295602182469806,5.0,47.0,0.0,-1426.039285216259,-0.1646633959937286,1.00292436060094,0.1444418626108132
164,1424.0237024474943,0.9763914469285132,0.09999569550055215,4.0,15.0,0.0,-1423.8629750503558,-0.14888406103319904,0.9973357595768763,0.15055553917644265
165,1425.9418513147707,0.8969172718114891,0.10268267199251127,2.0,7.0,0.0,-1423.8836157342055,-0.17666191050352334,1.0070457494481675,0.14911673884518947
166,1426.8948650620757,0.9250264212120671,0.13406260232242445,5.0,35.0,0.0,-1424.4823079377588,-0.18525453604687814,1.0079472288306794,0.14506623716465653
167,1425.8574781723353,0.9914654715448852,0.11295602182469806,4.0,15.0,0.0,-1425.7741566185146,-0.16318320398203187,1.0016916103162747,0.14346809225699445
168,1424.7268585970392,0.9267067356950238,0.09999569550055215,4.0,15.0,0.0,-1423.2776948380354,-0.14863169805740223,0.999122500576859,0.14820447842922232
169,1423.82038234321,0.9372801038499775,0.10268267199251127,4.0,15.0,0.0,-1423.3482996347987,-0.151329077629638,0.996836540819622,0.1489137232251793
170,1427.1442348923165,0.8489985320538939,0.13406260232242445,4.0,23.0,0.0,-1425.1346153451386,-0.2132116414345052,1.0172354858838708,0.14386109413394788
171,1426.3132346733632,0.9989590951136977,0.11295602182469806,3.0,15.0,0.0,-1425.0000388586109,-0.16800476386126695,1.0036536502757984,0.14408391119094896
172,1424.847346960379,0.9995767638066066,0.09999569550055215,2.0,3.0,0.0,-1424.7031785906681,-0.1546943105999126,0.9985071492552818,0.14825836624128746
173,1426.7292115213365,1.0,0.10268267199251127,4.0,19.0,0.0,-1423.1558892443456,-0.18018568682399025,1.0072465724462278,0.14722778099764675
174,1425.9426820917301,0.7818058577262289,0.13406260232242445,3.0,15.0,0.0,-1425.3761591805837,-0.21437437012862676,1.014917332427389,0.14359644805812424
175,1427.1930478230129,0.83987840071145,0.11295602182469806,4.0,31.0,0.0,-1422.2298878387462,-0.20541299239688623,1.0138936035308443,0.14657818156472963
176,1425.7773806767898,0.9750364813267848,0.09999569550055215,5.0,31.0,0.0,-1423.9505942669668,-0.1912361759389548,1.008919191561498,0.14969063351604608
177,1425.1974507711766,0.791306154821749,0.10268267199251127,3.0,15.0,0.0,-1424.2344928793636,-0.1759987624635379,1.003690649585297,0.1467779382500304
178,1426.9511993892133,0.974406068696986,0.13406260232242445,3.0,11.0,0.0,-1425.371703824316,-0.2041046898253435,1.0152292910226728,0.14533273560734927
179,1426.891092694078,0.9560084612517176,0.11295602182469806,5.0,63.0,0.0,-1426.5769806310627,-0.22458242079262258,1.0190051163305067,0.14667734609321056
180,1426.6473774343142,0.9997104388279439,0.09999569550055215,5.0,47.0,0.0,-1425.2504488375173,-0.22212321500870122,1.0179754516858643,0.14729594040017452
181,1423.3320520831055,0.94880102129488,0.10268267199251127,3.0,15.0,0.0,-1420.8863203763217,-0.16160189887182577,1.0045282230168413,0.14992188677892757
182,1424.7483300478825,0.9829087193354593,0.13406260232242445,4.0,31.0,0.0,-1424.1313613339564,-0.15999684182798157,1.0002175206216555,0.141415979278289
183,1425.260071291742,0.9922724079197804,0.11295602182469806,4.0,23.0,0.0,-1423.7782730872973,-0.22396534726871584,1.0202331657315826,0.1392457582409967
184,1426.9187842215777,0.9996257854734752,0.09999569550055215,2.0,7.0,0.0,-1426.6794381079053,-0.21770960711514936,1.018879662582258,0.14715081400325467
185,1425.076562081701,1.0,0.10268267199251127,2.0,3.0,0.0,-1423.5830159280995,-0.16956538324149187,1.0028922531267261,0.1501446454508167
186,1424.6718718222126,0.9745332690094104,0.13406260232242445,3.0,7.0,0.0,-1424.4942697031688,-0.15806731146662809,1.0020063813101103,0.141472484790605
187,1424.9952531913186,0.9755021366762453,0.11295602182469806,5.0,31.0,0.0,-1424.4694898370687,-0.2140376122784901,1.016343070965302,0.1525228074700194
188,1426.1818755818783,0.9381162831252795,0.09999569550055215,5.0,63.0,0.0,-1425.3164450718352,-0.1767548639548917,1.0075653491361263,0.14670027253808546
189,1426.7243333142462,0.9880557171600384,0.10268267199251127,5.0,63.0,0.0,-1421.11849399174,-0.21379083154503614,1.0154891100700698,0.14691555842300383
190,1425.213891516458,0.9714264243137348,0.13406260232242445,5.0,63.0,0.0,-1424.1523027143257,-0.24550283657122923,1.0278057569065486,0.1484696630162314
191,1425.8951901757325,0.9975597888528006,0.11295602182469806,5.0,31.0,0.0,-1423.1244711904367,-0.161063605308293,1.000952226368653,0.14539700026850935
192,1426.6680098291258,0.8330983812674148,0.09999569550055215,4.0,31.0,0.0,-1423.9452555920352,-0.19145177941066333,1.009233927159805,0.14698667370574817
193,1427.0471506988763,0.9988011734689499,0.10268267199251127,4.0,27.0,0.0,-1425.5509316324146,-0.20254262490615507,1.0134810979608522,0.14293539581152645
194,1425.3276573154023,0.9739737418226821,0.13406260232242445,5.0,35.0,0.0,-1424.356818446785,-0.1820319260381787,1.0057360730550866,0.14230833421945246
195,1426.4019313655008,0.9414364999973743,0.11295602182469806,5.0,31.0,0.0,-1425.2410471071553,-0.2360250669016731,1.0245661231944936,0.14500487663624675
196,1426.955431640076,0.9990851728013364,0.09999569550055215,5.0,63.0,0.0,-1426.416492240612,-0.21785551767891764,1.0171425158062235,0.14711958419498
197,1427.095125297268,0.9980756143176274,0.10268267199251127,4.0,15.0,0.0,-1426.9920167249425,-0.20614564301263708,1.0143507039111483,0.14315283735953072
198,1426.067597961225,0.8046859365884077,0.13406260232242445,5.0,31.0,0.0,-1423.1705297225396,-0.25024407020438766,1.0266912672987114,0.1475718446571922
199,1424.518807861549,0.8416989423612137,0.11295602182469806,2.0,7.0,0.0,-1424.0701316567122,-0.23560945492035826,1.0260230877538299,0.14515816121760924
200,1423.6043563988785,0.8907240745435832,0.09999569550055215,4.0,19.0,0.0,-1423.1184892400925,-0.22704006530426674,1.0227654613452193,0.13884920340216703
201,1426.8156929410227,0.8883897683333413,0.10268267199251127,4.0,23.0,0.0,-1425.9074179685383,-0.20877213047318025,1.0140723880328555,0.14440177845843083
202,1425.7364695442,0.8934452898744594,0.13406260232242445,2.0,3.0,0.0,-1425.2820034937074,-0.24754598858691482,1.0278596229272496,0.1478567218562871
203,1425.5215483454149,0.9868213756194286,0.11295602182469806,2.0,7.0,0.0,-1424.351576984808,-0.23847022907110424,1.0260838410835225,0.14527252649546457
204,1425.671017614299,0.9665559300673777,0.09999569550055215,5.0,63.0,0.0,-1419.5769846063884,-0.16895212795752423,1.0036978508624852,0.1415448634221887
205,1426.3680520375788,0.9980018055880409,0.10268267199251127,4.0,31.0,0.0,-1425.1548310149587,-0.18517499014579233,1.0084605766224366,0.1417153222665595
206,1423.1550190106952,0.741281363875512,0.13406260232242445,5.0,31.0,0.0,-1419.8264219448338,-0.1648166795955654,1.0045886675853508,0.13906617098587348
207,1425.2586325554685,0.8274900034914147,0.11295602182469806,4.0,23.0,0.0,-1422.3397573373447,-0.21029442619795874,1.0185445619015474,0.14636676813946287
208,1425.2431212464217,0.8935521146440218,0.09999569550055215,3.0,11.0,0.0,-1424.589148867723,-0.16662969244999526,1.0028582498047545,0.14090530114705976
209,1426.534087641615,0.9153746342079492,0.10268267199251127,5.0,31.0,0.0,-1425.4250379147493,-0.185249278201485,1.0076801282431587,0.1476990040301061
210,1427.132995791881,1.0,0.13406260232242445,4.0,15.0,0.0,-1423.2060227380482,-0.203433317041549,1.0132948873736867,0.14380889427537188
211,1427.2678836043644,0.9995167520517586,0.11295602182469806,3.0,15.0,0.0,-1425.233359071919,-0.20575499623936577,1.01410564498555,0.14611684727887048
212,1424.7387228814,0.719344538873932,0.09999569550055215,2.0,3.0,0.0,-1422.8110644700896,-0.16201403255306032,1.0012826255107508,0.14056019942193615
213,1426.958283653117,0.8919352106679609,0.10268267199251127,4.0,27.0,0.0,-1423.4877796253666,-0.22853314341919384,1.0209826363601626,0.14726281791132673
214,1426.6094274293353,0.7101124029840317,0.13406260232242445,2.0,7.0,0.0,-1424.6901634254887,-0.2071549706941894,1.0133249632943728,0.14478762943352264
215,1427.1771508100844,0.9960444866835715,0.11295602182469806,4.0,23.0,0.0,-1426.9211183235343,-0.20618044097201155,1.0148143369447475,0.1434880222104147
216,1425.433778844998,0.9925338352263718,0.09999569550055215,5.0,31.0,0.0,-1423.468902991123,-0.17574682966049204,1.0065562774383907,0.1505808521357429
217,1425.8081462991454,0.9966497351028044,0.10268267199251127,5.0,63.0,0.0,-1424.125407496094,-0.20315324043088195,1.013556035330215,0.13985340896185156
218,1424.6564553635196,0.8476643775824007,0.13406260232242445,4.0,19.0,0.0,-1423.813929608347,-0.1687150903960446,1.0016217429230736,0.1430703564360143
219,1426.7558606591178,0.612328004416772,0.11295602182469806,4.0,27.0,0.0,-1422.683156430412,-0.22035085212534847,1.017851913844789,0.14283994118694857
220,1426.5936106082054,0.9653737414549995,0.09999569550055215,5.0,35.0,0.0,-1421.9490074963437,-0.22772075195181365,1.019546477244101,0.14682524323177912
221,1425.803613303328,0.7035016549582286,0.10268267199251127,2.0,3.0,0.0,-1423.3837228350353,-0.2046787807157762,1.014497264729039,0.13984422385046366
222,1424.3989617114419,0.9094521752504247,0.13406260232242445,3.0,11.0,0.0,-1423.2357387041307,-0.18246327092538192,1.0048288907665777,0.1452243667068028
223,1426.614350876869,0.9839822824305808,0.11295602182469806,4.0,23.0,0.0,-1424.3664429620248,-0.23263276446803363,1.0210967462475813,0.14642503996194786
224,1426.5959027928384,0.9021926860831441,0.09999569550055215,2.0,3.0,0.0,-1425.5636859696183,-0.22385999015844263,1.0210797942025402,0.14693722201799922
225,1425.5913292343073,0.9975302110008557,0.10268267199251127,4.0,15.0,0.0,-1425.4162810111743,-0.20342959571209956,1.0134214760936184,0.13955453140950536
226,1424.8167153969916,0.9971321768189876,0.13406260232242445,5.0,31.0,0.0,-1422.9562210520082,-0.2566495961092583,1.0273002587587847,0.14817925462814951
227,1426.7385573224058,0.9995153579721511,0.11295602182469806,5.0,31.0,0.0,-1425.487366895977,-0.18097598489169303,1.0067647520922123,0.1443505009584057
228,1426.4467309587387,0.7966084532780201,0.09999569550055215,2.0,3.0,0.0,-1424.6555024990344,-0.2247357117519608,1.0215697552778784,0.14640767072606334
229,1422.5085249173785,0.858312564007261,0.10268267199251127,5.0,31.0,0.0,-1420.0529597101483,-0.24182528939161685,1.026794290803269,0.13771528511342884
230,1422.5683088448948,0.9900460395057791,0.13406260232242445,3.0,15.0,0.0,-1419.9461382210795,-0.26701733521675186,1.0312788396027937,0.15348205528072478
231,1426.6020235967649,1.0,0.11295602182469806,5.0,31.0,0.0,-1426.0825473072982,-0.17357360445335104,1.005421667630291,0.14634323011319036
232,1427.0741376734659,1.0,0.09999569550055215,2.0,7.0,0.0,-1426.4495873752783,-0.22660525647069954,1.0208201454794563,0.14656300529067762
233,1425.8194954916548,0.9826603028691562,0.10268267199251127,5.0,31.0,0.0,-1420.0407292111656,-0.1861767567766716,1.0108831220115542,0.1437565063418436
234,1422.4602918230626,0.9590759148195982,0.13406260232242445,3.0,7.0,0.0,-1422.0912261945982,-0.26220351633292593,1.0323805255065543,0.15326255822721319
235,1425.939047118442,0.9043673807084025,0.11295602182469806,3.0,15.0,0.0,-1424.7082934960097,-0.17290972371293473,1.0036051483368458,0.14656026563801422
236,1425.2989217828506,0.8387871080427955,0.09999569550055215,3.0,11.0,0.0,-1424.9999607905393,-0.22448294183940115,1.0221035334317337,0.14902422245346011
237,1425.6305683211833,0.9964196826007303,0.10268267199251127,4.0,31.0,0.0,-1423.4575612866486,-0.19767287815146672,1.010628503542865,0.1500411397930187
238,1426.5182883068658,0.987913652538606,0.13406260232242445,5.0,31.0,0.0,-1421.5126302851468,-0.21815141272932342,1.0173878761887987,0.14913037700527387
239,1426.4717650981006,0.948320913354563,0.11295602182469806,2.0,3.0,0.0,-1425.6616257272271,-0.17128001956522454,1.0049274800521422,0.14653284829268187
240,1423.9640076837618,0.9959002655147704,0.09999569550055215,3.0,11.0,0.0,-1423.3193930619695,-0.22245530282093845,1.021599179499659,0.1519948965028556
241,1426.315074699637,0.9684983567349856,0.10268267199251127,5.0,31.0,0.0,-1425.0541268042625,-0.1936307731839695,1.0112589208454843,0.1498024458310604
242,1426.4933760375418,0.9973787703149293,0.13406260232242445,5.0,31.0,0.0,-1426.1948699071,-0.2219998859611095,1.0200423386652622,0.1488555333717598
243,1426.3690318059034,0.997041818928826,0.11295602182469806,5.0,63.0,0.0,-1424.7540138662198,-0.19511414871447358,1.0118800510230024,0.14963879212192996
244,1423.4134506178484,0.9977052958051692,0.09999569550055215,5.0,63.0,0.0,-1420.2560067348418,-0.1260560070271186,0.9920821943106362,0.14595986640176242
245,1426.7778127248707,0.8301816111776484,0.10268267199251127,4.0,25.0,0.0,-1423.2616262925105,-0.2296875387913206,1.022465335286058,0.14552367138346256
246,1425.7267384975946,0.9544984947752743,0.13406260232242445,3.0,11.0,0.0,-1425.0446940359818,-0.2272457408555136,1.0196875698592347,0.1504613364064557
247,1426.1297748539193,0.8490727249580281,0.11295602182469806,4.0,23.0,0.0,-1424.4444609052318,-0.19017932061201387,1.011478081462131,0.1423690342277448
248,1424.0745314532435,0.9905705213012005,0.09999569550055215,4.0,15.0,0.0,-1422.977433755832,-0.1363709553407654,0.9935951656750868,0.14566900472733316
249,1423.9121453088312,0.9978594189015266,0.10268267199251127,5.0,31.0,0.0,-1423.1852408226798,-0.20853463120762947,1.0151313352381501,0.13720938076975256
250,1423.0031949766103,0.6567746189391217,0.13406260232242445,2.0,3.0,0.0,-1422.8588222404787,-0.2302131462370632,1.0181796924952535,0.15036526319641422
251,1426.2858559330048,0.9314085701592125,0.11295602182469806,4.0,27.0,0.0,-1423.9722504503636,-0.23331611965166602,1.0209232358676794,0.14679358348079102
252,1422.5109023743246,0.9503285061863687,0.09999569550055215,4.0,15.0,0.0,-1422.2310776178238,-0.1264661348058153,0.9901178661256511,0.14385588256069745
253,1424.375538758454,1.0,0.10268267199251127,3.0,7.0,0.0,-1423.8781874960814,-0.2092499783753145,1.0157177347978295,0.13775220136112235
254,1424.260891995242,1.0,0.13406260232242445,1.0,1.0,0.0,-1423.0358540324985,-0.2285498775961835,1.0185008281609378,0.15041358238130154
255,1426.9556094405864,0.9992719291428277,0.11295602182469806,5.0,35.0,0.0,-1426.050565179616,-0.20659085382182887,1.0135839718089252,0.14552380995412087
256,1423.318921579614,1.0,0.09999569550055215,2.0,7.0,0.0,-1422.441560427093,-0.12609768071917063,0.991886964936884,0.14421183936742674
257,1425.0898292517707,0.8160092101830727,0.10268267199251127,5.0,63.0,0.0,-1421.0534858225299,-0.2623173981865654,1.029296614764388,0.14482020323051853
258,1425.5560077882653,1.0,0.13406260232242445,2.0,7.0,0.0,-1424.3576202594857,-0.2198298112233905,1.0203327047350972,0.14980626602010239
259,1426.2619957642657,0.9971659743028214,0.11295602182469806,5.0,63.0,0.0,-1425.7872235376044,-0.23823269808063993,1.024721434511267,0.14264522726137446
260,1421.430983067814,0.9877029232907991,0.09999569550055215,5.0,31.0,0.0,-1420.5029001641021,-0.1240827992615922,0.9909038181648958,0.13988338086146263
261,1426.4943765704397,0.9690677084138274,0.10268267199251127,5.0,31.0,0.0,-1423.812245131643,-0.22993113631452716,1.0214615915291332,0.14186672130672348
262,1425.6110775532863,0.7204300009863368,0.13406260232242445,2.0,3.0,0.0,-1422.8868796148497,-0.21625397883862077,1.019262812139684,0.14986170362103135
263,1424.5574341258005,0.9827224346252121,0.11295602182469806,5.0,35.0,0.0,-1423.9366053870947,-0.14247093634158806,0.9964462174219288,0.14821018155450424
264,1425.8373456836898,0.9811755429401288,0.09999569550055215,5.0,31.0,0.0,-1420.8643426716335,-0.1618556423271177,1.001656707258901,0.14778940616259154
265,1424.911434948735,0.9220211702497647,0.10268267199251127,4.0,15.0,0.0,-1424.5307465068877,-0.2253523534023718,1.0189116780342742,0.1393635681705542
266,1426.4696748582599,0.9927627732377816,0.13406260232242445,5.0,31.0,0.0,-1425.1670581248936,-0.23173927812739395,1.0232038035506559,0.14360213669365277
267,1424.3396412228449,0.8866605042430659,0.11295602182469806,2.0,7.0,0.0,-1423.097972304455,-0.14829486061588612,0.996502200823513,0.14813681912939408
268,1424.8994393435037,0.7498275820660586,0.09999569550055215,5.0,31.0,0.0,-1422.9915701266625,-0.18630111212881617,1.0064412908322091,0.14272857671582515
269,1425.5923616766734,1.0,0.10268267199251127,5.0,31.0,0.0,-1423.6394511046253,-0.25114121079385077,1.0278281612778384,0.1494477197525462
270,1427.0223326111968,0.9997675690828463,0.13406260232242445,3.0,15.0,0.0,-1425.7350317891885,-0.21846807826380946,1.0190664898718291,0.14641665622297811
271,1425.8925887617413,0.998852666178371,0.11295602182469806,5.0,31.0,0.0,-1421.8146575057149,-0.21698135973485475,1.016987001459637,0.14034325156094923
272,1424.1787553129589,0.9833357894912341,0.09999569550055215,5.0,31.0,0.0,-1423.4412724110582,-0.173242648574571,1.0025198512771754,0.14884924612155542
273,1426.4862568823619,0.9899261338978584,0.10268267199251127,5.0,63.0,0.0,-1425.1482555600264,-0.18191966919208805,1.007539191322324,0.1423578063717529
274,1426.3441446961388,0.9619225061085893,0.13406260232242445,5.0,31.0,0.0,-1425.9712945964716,-0.18497481750668235,1.0098857192440853,0.14342718220658862
275,1424.3140068714574,0.8659838023897056,0.11295602182469806,3.0,11.0,0.0,-1423.4921261609768,-0.21463038281386215,1.0190746700463627,0.1393774186414822
276,1426.271179679287,0.9976138655470336,0.09999569550055215,5.0,31.0,0.0,-1424.140463110946,-0.22224179502442035,1.0173946319599751,0.14579092143921335
277,1426.204200932593,0.9239765256872371,0.10268267199251127,1.0,3.0,0.0,-1426.0704914551523,-0.18039623829416662,1.0081843520311697,0.14240975024142954
278,1426.453110092504,0.8223279900268202,0.13406260232242445,4.0,27.0,0.0,-1423.7030615373203,-0.20338064647806048,1.0144022981081307,0.14133271115467128
279,1421.9104190795094,0.8342073635860174,0.11295602182469806,2.0,3.0,0.0,-1421.8055332283989,-0.22163993475378974,1.0157229889041046,0.13923472149160745
280,1424.2817161277374,0.9950168081353281,0.09999569550055215,4.0,19.0,0.0,-1422.4844111482264,-0.22474861495306434,1.0219322938635051,0.13945681521443645
281,1425.0493407091408,0.9999694620011534,0.10268267199251127,5.0,35.0,0.0,-1424.633521996863,-0.26256268779164305,1.0300182290731827,0.14880604838802894
282,1426.963590104859,0.9997790631861148,0.13406260232242445,4.0,15.0,0.0,-1425.753101974434,-0.22096479228216193,1.018626923187934,0.14292469809589514
283,1425.486846386784,1.0,0.11295602182469806,4.0,15.0,0.0,-1422.6537795385245,-0.22011336684144706,1.0195155364385449,0.13977235566756196
284,1424.086281137114,0.9992239785076118,0.09999569550055215,5.0,63.0,0.0,-1420.936378115869,-0.16725385835491266,1.0031720210863635,0.13882142716140652
285,1425.6477909273603,0.9996461683463422,0.10268267199251127,4.0,31.0,0.0,-1423.7785665721947,-0.2548322607078248,1.0297600182800144,0.1471620853723481
286,1427.0577292273686,0.9148906988526594,0.13406260232242445,4.0,19.0,0.0,-1425.6200879847668,-0.21767755820815402,1.0172183062207787,0.14391428567046505
287,1426.1264209234766,0.9971200981811071,0.11295602182469806,3.0,15.0,0.0,-1424.9756203339618,-0.21902652703861897,1.0174570837645212,0.14099578282451986
288,1426.031279941035,0.917529487923068,0.09999569550055215,5.0,31.0,0.0,-1422.822513819535,-0.17154893527185497,1.0059786748634896,0.14683826250798937
289,1426.706112223565,0.7831537419469462,0.10268267199251127,5.0,39.0,0.0,-1423.1606096241896,-0.19101143433525883,1.0097003814370136,0.1426254344279944
290,1427.080873107202,0.9995903940063945,0.13406260232242445,4.0,27.0,0.0,-1426.76092436167,-0.19077821397837655,1.0107698380832597,0.14504404965229944
291,1427.1671642661622,0.998558462344321,0.11295602182469806,4.0,23.0,0.0,-1424.59319578656,-0.22115678043905154,1.0185502134078694,0.14640586110284884
292,1424.5807625777923,0.5507358927778915,0.09999569550055215,4.0,23.0,0.0,-1418.313208759157,-0.17462926029007597,1.0083353224640188,0.14527381274972823
293,1425.24298157622,0.8105566543379782,0.10268267199251127,5.0,31.0,0.0,-1423.4504488813861,-0.1809007607464536,1.0056266258912974,0.14970060212321795
294,1426.474611974424,0.8938438185129928,0.13406260232242445,4.0,23.0,0.0,-1424.333106492444,-0.20544738717520838,1.016058845478324,0.14713452599172377
295,1425.870711819718,0.9992380865492881,0.11295602182469806,5.0,31.0,0.0,-1425.6333283010463,-0.20884618928249385,1.015812355257619,0.1510196994403382
296,1424.6435334976184,0.9974710779304441,0.09999569550055215,6.0,63.0,0.0,-1423.7529157965619,-0.22065144824357955,1.0160941525357101,0.14220586247556533
297,1426.0151745816095,1.0,0.10268267199251127,2.0,7.0,0.0,-1425.3246223803628,-0.17819865073021618,1.0071624522312626,0.1494112604303656
298,1425.019946195764,0.8827159659077018,0.13406260232242445,4.0,17.0,0.0,-1423.3865488340482,-0.1937874122544615,1.0135839810278753,0.14250562644668655
299,1426.7501691277907,0.9800242555952268,0.11295602182469806,5.0,31.0,0.0,-1425.3210368352015,-0.2241291541435568,1.020334178476158,0.1482584810858741
300,1425.6833189921106,0.9970494614952529,0.09999569550055215,3.0,15.0,0.0,-1422.9144120898836,-0.21183123757383934,1.0178141598653623,0.14095270363094944
301,1424.8031538486675,0.8744894020246136,0.10268267199251127,5.0,63.0,0.0,-1423.4449060770946,-0.24946730501944323,1.0294151904823392,0.14456777608992077
302,1426.7727084140931,0.9164310642711722,0.13406260232242445,2.0,3.0,0.0,-1424.7868297908567,-0.19996452744701354,1.0120765816395851,0.14263840276506767
303,1427.3005481294979,0.9999134575320878,0.11295602182469806,5.0,31.0,0.0,-1426.6704362669257,-0.20592455313109864,1.0142151161132205,0.14579398924825887
304,1426.0587004047295,0.8953517605298861,0.09999569550055215,5.0,31.0,0.0,-1424.2954842873594,-0.18167260739299362,1.0089913253632292,0.14821082795398813
305,1421.9059177536367,0.9995449839585495,0.10268267199251127,4.0,23.0,0.0,-1420.7346162257609,-0.2890928780710873,1.0365767789380969,0.15026377822207082
306,1426.6478932170844,1.0,0.13406260232242445,5.0,31.0,0.0,-1426.3990955217553,-0.18210073993228715,1.0080959233299323,0.14777985303797883
307,1427.075120518274,0.907029914374836,0.11295602182469806,2.0,3.0,0.0,-1426.7676389360342,-0.20844324188315258,1.0143184515949848,0.14575473921494134
308,1425.8988607187182,0.9590127524714055,0.09999569550055215,3.0,15.0,0.0,-1425.168901997786,-0.18231384794282146,1.0097054215156485,0.1464413689262965
309,1422.0802252961175,1.0,0.10268267199251127,2.0,3.0,0.0,-1421.553809561038,-0.2845239524184814,1.0391647309599208,0.15031381302850028
310,1426.5075090709036,0.9525823030055793,0.13406260232242445,4.0,15.0,0.0,-1426.012459155389,-0.17786930052711786,1.0075587859594488,0.14525960059983004
311,1426.6896751590455,0.8598472579310368,0.11295602182469806,3.0,15.0,0.0,-1425.5413980095566,-0.2063439774597882,1.0162144491154972,0.14591528287269193
312,1425.6203876335246,0.96828223108218,0.09999569550055215,5.0,31.0,0.0,-1423.9964962856009,-0.21765645678622822,1.0175478371662006,0.15143489126599086
313,1426.5317599127525,0.9126416482123643,0.10268267199251127,5.0,31.0,0.0,-1419.824650326593,-0.18590553079467423,1.0075572834860942,0.14425817847196323
314,1426.0834969508792,0.9516256894942838,0.13406260232242445,2.0,7.0,0.0,-1425.87617407537,-0.17777621502938143,1.0049021760045744,0.14518038333495353
315,1426.2868137927876,0.9784820290684562,0.11295602182469806,5.0,31.0,0.0,-1425.7441047004218,-0.2372269170683721,1.022506627862197,0.14796502076298493
316,1427.0064302800033,0.9998574333783004,0.09999569550055215,5.0,31.0,0.0,-1425.3585274534441,-0.190096197829611,1.009680458701672,0.14383548259338577
317,1426.8224699663244,0.9933289390575536,0.10268267199251127,5.0,31.0,0.0,-1426.2077108046392,-0.20355374922285696,1.015087837280905,0.14695585775804315
318,1426.7812091549279,0.9873429940810814,0.13406260232242445,4.0,19.0,0.0,-1425.3743382005155,-0.18521421809209637,1.0095116109266717,0.14630701403209645
319,1425.0922461705204,0.9462463689565195,0.11295602182469806,4.0,15.0,0.0,-1424.432987431678,-0.22909218956325186,1.0200069802608787,0.15145574116927998
320,1426.854647231555,0.8065236723384052,0.09999569550055215,4.0,23.0,0.0,-1424.4717883019755,-0.2062852298715047,1.0160014649298923,0.14515495947375434
321,1425.8841214224108,0.9580343969919836,0.10268267199251127,4.0,31.0,0.0,-1424.9255493641456,-0.2427583412000701,1.0234605507399102,0.14610629137481418
322,1426.5786604788884,0.976881693780405,0.13406260232242445,5.0,31.0,0.0,-1426.136914411759,-0.2136444453451324,1.0155448448886961,0.14280846902768005
323,1426.6754928450719,0.9984557047349337,0.11295602182469806,4.0,31.0,0.0,-1423.792772958272,-0.20782633026669492,1.014107672281363,0.14254883589922243
324,1426.3596697537937,0.9217164234662292,0.09999569550055215,2.0,3.0,0.0,-1426.2883037201157,-0.20986900327571584,1.0138323662615614,0.14512037748164247
325,1426.1573008304724,0.9969019589446466,0.10268267199251127,2.0,7.0,0.0,-1425.5336189431177,-0.2326484489687018,1.0239994089837638,0.1457220417878644
326,1427.1869685136603,0.9587223538509664,0.13406260232242445,3.0,15.0,0.0,-1426.097090519456,-0.2127214422239046,1.0158216160097524,0.14475258572973793
327,1427.0267832574598,0.9810512971684032,0.11295602182469806,4.0,31.0,0.0,-1426.3460455081786,-0.1967584469657945,1.0119792135631218,0.14762980932875885
328,1426.3650286077673,0.9996582999967574,0.09999569550055215,5.0,35.0,0.0,-1425.5402973695802,-0.19482322574635091,1.013146591229397,0.1449764841389036
329,1425.0068573738881,0.984906162900353,0.10268267199251127,5.0,31.0,0.0,-1423.2119330156172,-0.16886716119389708,1.0037573962863082,0.15113410016452739
330,1427.3303194930709,0.8294405811009927,0.13406260232242445,2.0,3.0,0.0,-1426.2004126935058,-0.2113097984045927,1.0159708499665867,0.14483664272890642
331,1427.0267832574598,0.6974903634550335,0.11295602182469806,2.0,3.0,0.0,-1425.3954628047832,-0.1967584469657945,1.0119792135631218,0.14762980932875885
332,1426.2015856433704,0.9956949370445661,0.09999569550055215,4.0,27.0,0.0,-1425.2462954579476,-0.21392941626152912,1.0187760628399072,0.14390821810181822
333,1422.876241345396,0.7106835060980204,0.10268267199251127,2.0,3.0,0.0,-1422.5583607314875,-0.16239013114596046,1.0046253236348668,0.15149515924346704
334,1427.182400067422,0.9922599540835907,0.13406260232242445,4.0,31.0,0.0,-1425.5422265675898,-0.2190408311397823,1.018766035508502,0.14424514977552474
335,1426.5308812451112,0.9453600591514423,0.11295602182469806,4.0,31.0,0.0,-1424.0792825215651,-0.19684436470790903,1.0130288286551268,0.1484343096551157
336,1426.25474310957,1.0,0.09999569550055215,4.0,31.0,0.0,-1425.8203635560621,-0.20904813107804446,1.0140231330500873,0.14218986285338137
337,1424.6468394924605,1.0,0.10268267199251127,2.0,7.0,0.0,-1422.6972549990842,-0.16560467023696215,1.0039286526177196,0.15114733873326028
338,1427.0001816159129,0.9999794633436473,0.13406260232242445,5.0,31.0,0.0,-1426.9417802395903,-0.2319333502892109,1.0217346446576059,0.14600855822011255
339,1426.8335581224735,0.9953561185587098,0.11295602182469806,4.0,27.0,0.0,-1425.6136786912714,-0.2225180753865105,1.0181768531089876,0.14456165746455202
340,1427.2471340398,0.7980248047463814,0.09999569550055215,3.0,15.0,0.0,-1423.3451615127042,-0.20533324549358992,1.0149934869114459,0.14547989540962308
341,1422.883662850538,0.9981614907448592,0.10268267199251127,3.0,15.0,0.0,-1421.6567143852183,-0.15728072038380814,0.9993601377854879,0.1532285344076182
342,1426.9695473692368,0.6761381831250178,0.13406260232242445,4.0,19.0,0.0,-1424.6297004920193,-0.20555901681218852,1.0138640703815809,0.1477759193680221
343,1427.1102087149463,0.9984748535391218,0.11295602182469806,5.0,47.0,0.0,-1424.1054908378123,-0.2169538866917357,1.0169034111172188,0.1449781595524614
344,1426.2245429622592,0.8686292530114895,0.09999569550055215,3.0,7.0,0.0,-1426.131734624397,-0.20543935221448117,1.01243937520248,0.14572849662667822
345,1425.9395101636528,0.918534178883807,0.10268267199251127,5.0,31.0,0.0,-1420.7100887251693,-0.15930951469665625,1.001299476257271,0.14494678589908863
346,1423.1287951869788,0.9075741112616849,0.13406260232242445,5.0,63.0,0.0,-1421.462148266742,-0.2782535879391599,1.0360129498995594,0.15124801053385648
347,1427.1490320884302,0.995522957973389,0.11295602182469806,4.0,23.0,0.0,-1426.5649777772776,-0.2097055511153919,1.0164083336068332,0.1463271940118939
348,1425.8102184703432,0.9724140812077767,0.09999569550055215,4.0,19.0,0.0,-1425.3175201605345,-0.21127402120145014,1.0138287272310083,0.14425285416535813
349,1424.9782791171324,0.9351054534646038,0.10268267199251127,5.0,63.0,0.0,-1423.1806825848091,-0.24595280244969733,1.027601377475131,0.1500583046664567
350,1422.8666138592532,0.9959885964368355,0.13406260232242445,4.0,15.0,0.0,-1422.7653351216788,-0.2790771516441399,1.0352524638839893,0.15185195394459933
351,1427.2068715268058,0.9717586770151373,0.11295602182469806,4.0,23.0,0.0,-1425.9997332799726,-0.2183600476801359,1.0175773096208132,0.14512527616141596
352,1427.2340042797587,0.8374766791988425,0.09999569550055215,2.0,3.0,0.0,-1424.500068954626,-0.20871925406272301,1.0147577436608486,0.14488091493675817
353,1426.292938443309,0.9979041078651877,0.10268267199251127,3.0,15.0,0.0,-1424.7684321457787,-0.23964091177012306,1.0241242868804374,0.14875085860081075
354,1419.0849827883872,0.7515702784130247,0.13406260232242445,4.0,15.0,0.0,-1417.3674924830734,-0.3080748260498942,1.0418555634093647,0.1522218063031415
355,1425.9239410493665,0.9995550150442959,0.11295602182469806,4.0,27.0,0.0,-1425.6657961354372,-0.20018419701204385,1.0123368934005317,0.15072223685525696
356,1426.3531666485546,0.9239786549341494,0.09999569550055215,4.0,31.0,0.0,-1425.350507846141,-0.2428039832074191,1.0251064215863048,0.14279327310698373
357,1424.8910930280772,0.9721821959561291,0.10268267199251127,5.0,31.0,0.0,-1423.9724117145984,-0.2725446601007904,1.034214197081016,0.14451159478880005
358,1424.979822466738,0.9359577486142545,0.13406260232242445,5.0,31.0,0.0,-1414.3904216992507,-0.2046045305962353,1.0114515396860888,0.14797114117321006
359,1426.2427437851004,0.9470530801651519,0.11295602182469806,5.0,31.0,0.0,-1424.6610711362575,-0.2243350040923713,1.0208629116631824,0.1492803552558433
360,1425.0255599419286,0.9621926055363119,0.09999569550055215,5.0,31.0,0.0,-1424.0884924279026,-0.1911301822159794,1.0106165651248762,0.15232493766323918
361,1424.8574296174004,0.9975199689189533,0.10268267199251127,5.0,31.0,0.0,-1423.9446091254417,-0.27009055977210944,1.0327276108909542,0.1483339423645878
362,1426.6878246799743,0.8585534783209389,0.13406260232242445,4.0,27.0,0.0,-1422.4458071853571,-0.2297404973803105,1.0206042590518816,0.14762656869985846
363,1424.8851791664993,0.9226921325388261,0.11295602182469806,5.0,31.0,0.0,-1424.170533500799,-0.191382518651434,1.0091444477435891,0.1393739586438126
364,1426.7331628066038,0.9895191115197879,0.09999569550055215,5.0,31.0,0.0,-1424.80472835467,-0.19468647138617304,1.010638035848733,0.14263400115547012
365,1423.9836494314995,0.9330468780690402,0.10268267199251127,5.0,31.0,0.0,-1423.5063976214785,-0.2801906004845076,1.0346243136996547,0.14649394347873526
366,1425.495329236487,0.7949454624418653,0.13406260232242445,4.0,23.0,0.0,-1424.518938433337,-0.20133380670213588,1.0157948151286853,0.14490580866081879
367,1425.7342854857066,0.9913410220009724,0.11295602182469806,4.0,31.0,0.0,-1423.5521805161882,-0.19944447811432725,1.013602595112244,0.1401830572588144
368,1426.957549752601,0.9992635396866023,0.09999569550055215,4.0,15.0,0.0,-1426.64042247112,-0.20191870324311315,1.0126905024561612,0.14324020017706443
369,1423.1910471040912,0.8160357210554465,0.10268267199251127,5.0,31.0,0.0,-1420.5225676859666,-0.2810101546420625,1.0343559176033315,0.1432931597825533
370,1426.0975907192822,0.9996372928721237,0.13406260232242445,4.0,31.0,0.0,-1423.4675779921627,-0.23386033526910097,1.0243666939057647,0.14593848791999844
371,1425.8836699369747,0.9026286163327413,0.11295602182469806,4.0,27.0,0.0,-1424.0305793742696,-0.18809930443288345,1.0109083935617678,0.14184545484163624
372,1426.8460582301964,0.987506935864505,0.09999569550055215,5.0,63.0,0.0,-1426.49977308476,-0.22291992683126244,1.020448070738275,0.14385521170523388
373,1423.958322075254,0.9638462923670003,0.10268267199251127,4.0,19.0,0.0,-1421.3670565168707,-0.2570112863129706,1.031771158410915,0.1434524140841787
374,1426.9562358015162,0.9994914236517103,0.13406260232242445,4.0,23.0,0.0,-1425.2801210473965,-0.23015929397626048,1.0215489562914422,0.14369675251687664
375,1426.4499140556443,0.953154752121595,0.11295602182469806,5.0,31.0,0.0,-1424.8626695770317,-0.17160554846175674,1.0052480587777397,0.14453874851207582
376,1426.1889160151532,0.9454569874141227,0.09999569550055215,2.0,3.0,0.0,-1426.1095928717168,-0.2215296241805072,1.020865294196984,0.14372120661410304
377,1425.6311431424558,0.9995715469907391,0.10268267199251127,5.0,31.0,0.0,-1423.6591924423135,-0.19256229010816878,1.0083747074653924,0.14546960037481968
378,1425.7968823680549,0.9440620893562318,0.13406260232242445,5.0,31.0,0.0,-1425.2347789679682,-0.1689332963235486,1.0036299925953724,0.14915813794580834
379,1426.7389596207179,0.9636192171887157,0.11295602182469806,5.0,31.0,0.0,-1425.70259699307,-0.21075599227047367,1.0147445966336714,0.14337705656512942
380,1426.3666238455694,1.0,0.09999569550055215,2.0,3.0,0.0,-1426.0538909839256,-0.2222794751757367,1.0208817344334515,0.14368441033183946
381,1424.723020672256,0.9993365186595927,0.10268267199251127,4.0,31.0,0.0,-1422.5667477244517,-0.20043909063857085,1.010788717135751,0.1507585947574858
382,1426.0186193929696,0.9488869815580624,0.13406260232242445,5.0,31.0,0.0,-1424.357359405559,-0.17360670549237556,1.0057458511741564,0.14201696527719201
383,1426.9039488887693,0.8608231018452805,0.11295602182469806,4.0,23.0,0.0,-1424.7687789482306,-0.22201065964283184,1.0194667914384383,0.1480060340621133
384,1426.8082971500817,0.9187543185298219,0.09999569550055215,2.0,7.0,0.0,-1425.4633120983278,-0.2236045161035479,1.0184761592671696,0.14457248416777038
385,1426.5083170680289,0.997937142390469,0.10268267199251127,5.0,31.0,0.0,-1424.430888939107,-0.22914422591497918,1.0226930495961586,0.1449645279305709
386,1427.183872536438,0.9976347123984094,0.13406260232242445,4.0,15.0,0.0,-1425.5798587095385,-0.19504058048837764,1.0114757046851626,0.14421620707133723
387,1427.201864193868,0.9963847783812241,0.11295602182469806,5.0,31.0,0.0,-1426.6974789491624,-0.19464404996415877,1.0116620884186702,0.14495955102089272
388,1426.5514180262344,0.9581871842060895,0.09999569550055215,4.0,19.0,0.0,-1426.1734862703481,-0.20710154480655588,1.0132457074293961,0.14607139029334762
389,1425.203225290554,0.5901875422725454,0.10268267199251127,1.0,3.0,0.0,-1422.887504182539,-0.23498601174780376,1.020420826364443,0.14503523578878463
390,1426.7440230564137,0.7862436060095722,0.13406260232242445,3.0,15.0,0.0,-1425.157827699658,-0.18469837156183377,1.0092346017228544,0.1438127166706379
391,1425.4535653989342,0.6793629674341887,0.11295602182469806,4.0,31.0,0.0,-1422.5445675548892,-0.22002075921067607,1.0206953048988434,0.14920309412076774
392,1426.695959746414,0.9624966229712193,0.09999569550055215,2.0,3.0,0.0,-1426.108554074823,-0.19963187695092735,1.0141930380720494,0.14634171261404422
393,1425.6056889195963,0.9977958394320001,0.10268267199251127,5.0,31.0,0.0,-1424.1867099025212,-0.2228187575767579,1.0172329872783281,0.1480501724207172
394,1427.0172088832962,0.9885990544746001,0.13406260232242445,5.0,31.0,0.0,-1426.2874907404675,-0.2102750354410833,1.0168982439725116,0.14493696862141084
395,1426.9304309949937,0.8740480499624902,0.11295602182469806,3.0,15.0,0.0,-1423.9408431234417,-0.22627940339097244,1.019704190166985,0.1468663355035668
396,1426.6921455473034,0.9972240521940456,0.09999569550055215,4.0,19.0,0.0,-1426.5300615161177,-0.21004166070382832,1.01727758044008,0.14497170480388788
397,1426.7035162156312,0.9986393320452865,0.10268267199251127,5.0,43.0,0.0,-1425.1591438935648,-0.18374887900984976,1.007384024646611,0.14685861992620902
398,1426.745066044066,0.9599427878967833,0.13406260232242445,3.0,11.0,0.0,-1426.575530071669,-0.21577399477287873,1.0160246569088505,0.1444139546829836
399,1426.8730530284838,0.9300148197739116,0.11295602182469806,2.0,7.0,0.0,-1426.3427123508266,-0.22242014242027391,1.020311242787471,0.14676510242129479
400,1426.8551854667055,1.0,0.09999569550055215,2.0,3.0,0.0,-1426.6060001927299,-0.21078919582411187,1.0172894710194575,0.14503064446420366
401,1425.8412045252192,0.880321116719856,0.10268267199251127,4.0,31.0,0.0,-1425.131651498676,-0.19705128310976264,1.009787395601739,0.1462384581885028
402,1426.7479548727683,0.9995919656227784,0.13406260232242445,2.0,3.0,0.0,-1426.6538136032657,-0.2120724631736533,1.0177545952493843,0.14454699772874685
403,1426.5633606554993,1.0,0.11295602182469806,4.0,15.0,0.0,-1426.4396845375802,-0.21886872071208457,1.019127914262093,0.14878151793761196
404,1425.1551397388473,0.8609393859470037,0.09999569550055215,4.0,27.0,0.0,-1423.3547467601647,-0.19534390209682242,1.013911966693661,0.14231707682779593
405,1424.0851882594025,0.8892555512457188,0.10268267199251127,2.0,3.0,0.0,-1423.9306142359408,-0.19785048797706373,1.0088822612470232,0.14621032711732676
406,1425.3985451037945,0.8264413512296898,0.13406260232242445,3.0,11.0,0.0,-1424.662993368445,-0.2186385987215272,1.0207156711313656,0.14378586183767375
407,1427.184103504171,0.9964814830087254,0.11295602182469806,4.0,15.0,0.0,-1426.3705254173267,-0.2056858272940914,1.0139195199539859,0.14652212585062693
408,1426.6521051369189,0.9950389144791653,0.09999569550055215,4.0,23.0,0.0,-1425.1094740950894,-0.21742094437399806,1.0164431911162823,0.14410020435797144
409,1422.4850834845904,0.9775791136674924,0.10268267199251127,4.0,19.0,0.0,-1421.1045803468805,-0.19669879767990478,1.0081437479032545,0.15008957912665097
410,1425.5166223504557,0.9956951017528447,0.13406260232242445,4.0,27.0,0.0,-1424.5352957842756,-0.2042684073443054,1.016646765600626,0.14521930114122825
411,1426.889590399722,0.9993073020383582,0.11295602182469806,4.0,31.0,0.0,-1426.773771783531,-0.19179838922889703,1.0107914977619439,0.1478085884924232
412,1424.704422091182,0.8402738860628612,0.09999569550055215,2.0,3.0,0.0,-1424.6453513200743,-0.2191832435222457,1.015416778917813,0.14405693346321127
413,1426.2422067351813,1.0,0.10268267199251127,2.0,3.0,0.0,-1422.9661824004331,-0.18946651554240374,1.0102100580954518,0.14973549167718558
414,1427.1563797752613,0.9591470448997116,0.13406260232242445,2.0,3.0,0.0,-1425.6161982510423,-0.20790339376057038,1.0143098095208556,0.14536136555217619
415,1426.7194043495306,0.9997561384714931,0.11295602182469806,4.0,31.0,0.0,-1425.646365263869,-0.21247522080631784,1.0167810888408273,0.14894743052712062
416,1424.8391540742998,0.9750366105965852,0.09999569550055215,4.0,19.0,0.0,-1419.4876555224273,-0.21526055793091253,1.0191692797414469,0.14008914981240983
417,1425.773063576954,0.9641378098168041,0.10268267199251127,4.0,31.0,0.0,-1423.0043823398373,-0.16582172573569567,1.003279347548203,0.14223527157391475
418,1424.846486629298,0.6870715585998974,0.13406260232242445,2.0,3.0,0.0,-1424.2206087880174,-0.20115913799678134,1.0161796450017508,0.14566603615448406
419,1426.7143613190615,0.9684009071702958,0.11295602182469806,5.0,31.0,0.0,-1426.1203846001317,-0.2232471241479197,1.0206383773602927,0.14737314318904593
420,1426.9101345692131,0.7863400635239266,0.09999569550055215,3.0,11.0,0.0,-1422.6677359050127,-0.20941058444058122,1.0155522139534638,0.14232246078162222
421,1425.957556795098,0.9796482646849136,0.10268267199251127,5.0,31.0,0.0,-1424.60471537654,-0.17900692220946904,1.0069418181913528,0.14984021565402206
422,1425.881898110952,0.9933970396351272,0.13406260232242445,4.0,31.0,0.0,-1423.4481195988035,-0.23876075325132015,1.0245159062859215,0.1498333405307119
423,1426.4464272226714,0.9774815581066608,0.11295602182469806,2.0,3.0,0.0,-1426.4004489443028,-0.22637256590167562,1.0190613054380881,0.1474753996807074
424,1425.7523234128216,0.8565228530004815,0.09999569550055215,5.0,31.0,0.0,-1424.559310635778,-0.23912932441268364,1.0253065469634701,0.1417853168750494
425,1424.454499106809,0.9919600666953418,0.10268267199251127,4.0,15.0,0.0,-1424.315628362137,-0.1805412731938909,1.0071193432524954,0.15287461378855313
426,1426.1193528369733,1.0,0.13406260232242445,4.0,15.0,0.0,-1425.6731806999278,-0.24073426903866113,1.0244781744287648,0.14918767696614676
427,1427.0701466355258,0.9735494872629725,0.11295602182469806,3.0,11.0,0.0,-1426.205819810057,-0.2203709735648476,1.0182165450345382,0.14704047226183453
428,1425.92909354841,0.9998206552979504,0.09999569550055215,5.0,31.0,0.0,-1424.5786142817556,-0.2435004604952256,1.0264463019515564,0.1484312289851332
429,1422.8024571168567,0.8526774405566194,0.10268267199251127,5.0,31.0,0.0,-1420.424180179668,-0.14082271183489403,0.9932747286658182,0.1457900072444535
430,1425.6659120716806,0.9781781796905321,0.13406260232242445,2.0,7.0,0.0,-1425.353248469401,-0.24164177349510801,1.0256070281189058,0.14990384447710434
431,1426.4614048569674,0.9242673001328189,0.11295602182469806,5.0,63.0,0.0,-1424.7338304246048,-0.17519014584558049,1.005694335829598,0.14316220461433937
432,1425.4563071163632,0.9877474088155401,0.09999569550055215,5.0,31.0,0.0,-1424.658598373091,-0.25535752720267424,1.0300326790397425,0.14353197006374413
433,1424.1445437301422,0.9999546045485368,0.10268267199251127,5.0,35.0,0.0,-1421.8762444945376,-0.27731758161711856,1.0336878060775212,0.14617152883957268
434,1426.5477643559218,0.966958845805285,0.13406260232242445,4.0,19.0,0.0,-1422.136419572035,-0.21842840876635247,1.0170347699980617,0.14254474650238774
435,1425.716810696341,0.8262690175237913,0.11295602182469806,5.0,31.0,0.0,-1424.7855001341936,-0.18782925024187241,1.0078670079739998,0.14158438444815874
436,1425.3214513328678,0.8382004490916793,0.09999569550055215,5.0,47.0,0.0,-1422.8575530477822,-0.17243839967132665,1.0045210906694853,0.15067969987847368
437,1425.8903859532873,0.9215746196289881,0.10268267199251127,5.0,35.0,0.0,-1422.5293235836912,-0.19606187953468493,1.013948073810864,0.14507010323758415
438,1425.2948885045346,0.9887081357519897,0.13406260232242445,5.0,31.0,0.0,-1424.390349568761,-0.2620788057390049,1.030335485890743,0.1485311487778946
439,1426.3776953132813,0.9967458881476825,0.11295602182469806,5.0,63.0,0.0,-1422.6518580492902,-0.21753136655918667,1.0170965969219483,0.1414720856679309
440,1425.0157399928855,0.9999992313213043,0.09999569550055215,5.0,31.0,0.0,-1423.8653763040627,-0.15759540273392786,1.000621045468672,0.14987065497576726
441,1425.4516906968465,0.9995802565852612,0.10268267199251127,3.0,15.0,0.0,-1423.9982626233273,-0.18675286274093414,1.0107432836998294,0.14134899753248986
442,1423.7382205409872,0.8278674889942742,0.13406260232242445,5.0,31.0,0.0,-1421.971777589534,-0.24531061378728009,1.0271559359610456,0.1529198437896985
443,1426.414652518685,0.9556657271515206,0.11295602182469806,5.0,31.0,0.0,-1425.633574507232,-0.2309050029443227,1.0232495265821966,0.14482108862238507
444,1423.9964176646135,0.9792202774387895,0.09999569550055215,4.0,15.0,0.0,-1423.8180643977348,-0.14534286448201708,0.9976451320390954,0.15041955047648214
445,1425.7497514309443,0.7636273608159092,0.10268267199251127,2.0,3.0,0.0,-1422.466480743469,-0.18980149204881216,1.0082136003673707,0.1421240332698258
446,1421.6708117253852,0.5183406091571917,0.13406260232242445,2.0,3.0,0.0,-1418.1748843060557,-0.23802474040233296,1.027231987406288,0.152423194976253
447,1426.330421981586,0.9699118762059097,0.11295602182469806,5.0,31.0,0.0,-1425.4236741200677,-0.20793279834036985,1.0140027345485927,0.14916762319313948
448,1424.6878967806426,0.9914438364916912,0.09999569550055215,5.0,31.0,0.0,-1422.3513270301141,-0.16722226468026902,1.0042379337884937,0.1513478949208611
449,1426.2163360684349,0.9996889029954964,0.10268267199251127,5.0,31.0,0.0,-1425.4398375251694,-0.18263135082391604,1.0062632864320549,0.1456631623173561
450,1425.0187339963393,0.9565846545098282,0.13406260232242445,2.0,7.0,0.0,-1419.6940769614423,-0.2416629855193141,1.0245279209010396,0.1516084581205423
451,1426.178447563864,0.8878899231313072,0.11295602182469806,2.0,3.0,0.0,-1425.170138770553,-0.20487194312972415,1.015676937437738,0.14907965427309014
452,1426.6927303241084,0.9987788682941084,0.09999569550055215,4.0,31.0,0.0,-1424.1781022806356,-0.19076470737312198,1.0093622488007818,0.14778044748221703
453,1425.569975575984,0.9254227407593225,0.10268267199251127,4.0,23.0,0.0,-1424.2657922900983,-0.18882648723731116,1.0119972806735988,0.14648137184735185
454,1425.5918652739704,0.9986677332258128,0.13406260232242445,5.0,31.0,0.0,-1424.2812198798983,-0.21768960920451014,1.0184715191365783,0.13964899163993277
455,1425.7779656683294,0.9881833621122524,0.11295602182469806,4.0,31.0,0.0,-1424.0814507412367,-0.24012683195173853,1.0243884730412387,0.15015832749885535
456,1425.593220554778,0.821958430524919,0.09999569550055215,4.0,31.0,0.0,-1424.017742412572,-0.20626617642756997,1.0158970679796893,0.15086571880338767
457,1423.979049546167,0.9730892802365361,0.10268267199251127,4.0,19.0,0.0,-1423.365577009038,-0.21003847213785923,1.0129168216878317,0.15065588136329214
458,1423.676993996171,0.6042778687756679,0.13406260232242445,2.0,3.0,0.0,-1423.5002932534771,-0.2151465343496211,1.0198477026543113,0.13977250277232822
459,1426.1959603303828,0.8685739187920345,0.11295602182469806,3.0,11.0,0.0,-1424.6323434964079,-0.2406825709998912,1.0246673395579584,0.148951286053921
460,1424.732766985182,0.9601609889604078,0.09999569550055215,5.0,31.0,0.0,-1422.2497851356286,-0.2425690844193524,1.0237205289808835,0.14013689058942075
461,1424.374748868671,0.9958763449356228,0.10268267199251127,5.0,63.0,0.0,-1422.8130610228038,-0.230214834585873,1.0189896696897867,0.15007697660584568
462,1426.8944556779252,1.0,0.13406260232242445,5.0,31.0,0.0,-1423.727788820622,-0.1900949512715794,1.0090743474762167,0.1453428854438918
463,1426.790651034853,0.9911408630241438,0.11295602182469806,4.0,15.0,0.0,-1425.9549742846361,-0.23974628487317312,1.0240702097154317,0.14550913581557756
464,1422.9061489487358,0.6115693046240422,0.09999569550055215,5.0,31.0,0.0,-1419.4490456602482,-0.2634954918817793,1.0338147723850744,0.1421882349956005
465,1426.0863924687314,0.9977627170329308,0.10268267199251127,3.0,15.0,0.0,-1422.674372836797,-0.21867182571482693,1.019777296525976,0.1488751040109827
466,1426.4081507113362,0.9845815484115449,0.13406260232242445,4.0,31.0,0.0,-1425.7798071122927,-0.2009731001391434,1.0126802136220372,0.14120936170737983
467,1425.629043956869,0.939096644724439,0.11295602182469806,5.0,31.0,0.0,-1423.317108707826,-0.2189088113488494,1.0170840226779194,0.14040004844834225
468,1423.9422887971093,0.9758810406909714,0.09999569550055215,5.0,31.0,0.0,-1422.2131603759062,-0.25678094038180704,1.027322854267749,0.14085904801958773
469,1427.1301311423774,0.9422987411259278,0.10268267199251127,4.0,19.0,0.0,-1424.9114625288146,-0.2132047002409983,1.0168667002747502,0.14740058008196932
470,1425.5733803322025,0.9295878909982139,0.13406260232242445,5.0,31.0,0.0,-1424.2650406999628,-0.17346517312114795,1.004318448846779,0.14139896842717584
471,1426.1564984968143,0.9999119879732203,0.11295602182469806,4.0,31.0,0.0,-1423.5224934422254,-0.1942584802997019,1.0100309698260166,0.14170616606448797
472,1425.0033549328873,0.9765398618375681,0.09999569550055215,1.0,3.0,0.0,-1423.7729746119692,-0.253781375690399,1.0286913193111862,0.14069828887759742
473,1427.3129762655688,0.9975236071468939,0.10268267199251127,4.0,23.0,0.0,-1426.4688842736045,-0.2130784437001145,1.0168940310350891,0.14491563659087328
474,1425.684413727635,1.0,0.13406260232242445,3.0,7.0,0.0,-1425.570031772515,-0.17137547491925892,1.005276073857498,0.14151946026247336
475,1425.9649970812957,0.9110750788977722,0.11295602182469806,3.0,11.0,0.0,-1423.913387879591,-0.18914931997538736,1.0107211072296702,0.14111299128013763
476,1425.3462216898263,0.6843068818514326,0.09999569550055215,4.0,19.0,0.0,-1422.399700181865,-0.21552424501216658,1.019963526426634,0.14475213259829453
477,1427.1521273923681,0.7630883683032288,0.10268267199251127,3.0,15.0,0.0,-1424.9983029683053,-0.2188871250431449,1.017902320189709,0.14678811558813692
478,1424.3236564515623,0.9407070002835906,0.13406260232242445,4.0,31.0,0.0,-1421.3568136491726,-0.20474689591845716,1.013507515004474,0.13789187935717337
479,1425.899702230551,0.8595785175710199,0.11295602182469806,4.0,31.0,0.0,-1423.4890286243062,-0.1898673804702504,1.007945087143178,0.14699085426146377
480,1426.180827349407,1.0,0.09999569550055215,2.0,3.0,0.0,-1425.3377124066105,-0.2174080731462261,1.0198564558238445,0.1448222642958469
481,1427.2435464854082,0.9700610034850382,0.10268267199251127,4.0,21.0,0.0,-1426.5767333167564,-0.20808584019354667,1.0148680647279962,0.14405480656172748
482,1424.336936894999,0.9967299756195256,0.13406260232242445,3.0,7.0,0.0,-1424.2104618029887,-0.2035247625108774,1.0142065786984409,0.13775147240475777
483,1426.878174102799,0.9962611204314415,0.11295602182469806,4.0,19.0,0.0,-1424.9562093066938,-0.19738895484450825,1.0133138353490898,0.14569973730031505
484,1426.355576351996,0.973652569286939,0.09999569550055215,4.0,19.0,0.0,-1425.6324719963973,-0.19960260764220475,1.010973544690331,0.14442294031394387
485,1426.3581618703986,0.7477419261256356,0.10268267199251127,4.0,31.0,0.0,-1424.2457197576787,-0.24071354108276352,1.023526675441876,0.14391398707714673
486,1423.5178168531731,0.8579479129821502,0.13406260232242445,2.0,3.0,0.0,-1423.1450113450617,-0.20417810780451973,1.0127022482549886,0.1374366250579874
487,1425.8849704952652,0.8311761468615739,0.11295602182469806,3.0,15.0,0.0,-1423.1650585760892,-0.1881015265981719,1.011121287726739,0.14862063350289664
488,1426.739076664167,0.9803288071948223,0.09999569550055215,4.0,19.0,0.0,-1425.2073185109016,-0.1810971500731662,1.0067731585325688,0.14441798525753977
489,1425.666287942099,0.9488936568255202,0.10268267199251127,5.0,39.0,0.0,-1425.0195661038408,-0.16933122537778827,1.0057520131560842,0.14611509717732787
490,1426.0398456302269,0.9989027390540377,0.13406260232242445,4.0,31.0,0.0,-1422.2107588619222,-0.23713251640856686,1.0250789224561419,0.14356821763007002
491,1426.0751996408667,0.9587181315043898,0.11295602182469806,4.0,31.0,0.0,-1424.9195294548729,-0.20089047974287783,1.0112770623094087,0.14792554021966564
492,1426.625363216105,0.9839509921361654,0.09999569550055215,3.0,7.0,0.0,-1426.5765087527595,-0.18286275813938072,1.0069599874592898,0.1442662722758328
493,1426.2409818504827,0.9748643690347433,0.10268267199251127,5.0,63.0,0.0,-1424.38109641915,-0.19566661633672888,1.0101374733419983,0.14261683580018644
494,1426.7761197438717,0.988184876789803,0.13406260232242445,3.0,15.0,0.0,-1425.630237075404,-0.23587245993336603,1.0224290474704965,0.14515626156885242
495,1426.4053396197867,0.9796974006765217,0.11295602182469806,5.0,35.0,0.0,-1425.4065051151379,-0.2158034827903153,1.018934876648945,0.1478241433624816
496,1426.9030358602429,0.9928945942421012,0.09999569550055215,5.0,31.0,0.0,-1425.2904694556917,-0.21858366009706498,1.0191957097641478,0.14379877188555829
497,1426.7193847612152,0.9972820864395419,0.10268267199251127,4.0,31.0,0.0,-1425.8318673919657,-0.20631307678202893,1.0132428885534435,0.14445057394944802
498,1425.509401559507,0.8241246747039893,0.13406260232242445,4.0,23.0,0.0,-1423.983519709492,-0.20731518145987807,1.0130975285812085,0.14131773095906225
499,1425.8635590748786,0.9651201580874179,0.11295602182469806,4.0,31.0,0.0,-1424.6164513144026,-0.22880317188795518,1.0192981488781105,0.14809095931836466
500,1426.5957769193544,0.9468827967611747,0.09999569550055215,5.0,63.0,0.0,-1425.80252637408,-0.20156851397368789,1.0147299680117967,0.14351418223686208
501,1427.2828548796117,0.9782434049904948,0.10268267199251127,1.0,3.0,0.0,-1426.548741499266,-0.20325027240521287,1.0140113320393107,0.14441297014128926
502,1425.567898493,0.9961948429793503,0.13406260232242445,5.0,31.0,0.0,-1425.0343204683686,-0.23244627064010165,1.0202487374579754,0.14853521551607748
503,1424.4233216455918,0.8965843741148131,0.11295602182469806,3.0,11.0,0.0,-1423.9157403418378,-0.2189863758773036,1.0212622377546694,0.14882696640483348
504,1425.3155922037522,0.9392818834074208,0.09999569550055215,3.0,11.0,0.0,-1424.4944985749291,-0.1955427155762255,1.0099421629821224,0.14061395159221765
505,1427.3173861050086,0.859321863107542,0.10268267199251127,3.0,15.0,0.0,-1425.6329086420012,-0.20130647230480428,1.0132102286748013,0.14554596926181862
506,1425.4796388168522,0.9943248098746622,0.13406260232242445,2.0,7.0,0.0,-1425.079746743126,-0.22970759458334333,1.0234147778231095,0.1487800191376724
507,1424.8972096533544,0.9967511632656906,0.11295602182469806,3.0,15.0,0.0,-1423.2291771618404,-0.21927841473181042,1.0209028504980553,0.14936506420102796
508,1425.4065315328999,0.990423222038524,0.09999569550055215,2.0,5.0,0.0,-1424.9574294559588,-0.1944783759231496,1.0098624609211453,0.14041628541355897
509,1426.3490928589558,0.8916173890568765,0.10268267199251127,4.0,23.0,0.0,-1423.352636214743,-0.2072304765087785,1.0163460008128196,0.14856070533921556
510,1423.2875224125755,0.994146078607418,0.13406260232242445,5.0,31.0,0.0,-1420.6353547695232,-0.14687375659292737,0.9954094785111408,0.1426391127138436
511,1425.1216312481847,0.9960077129020172,0.11295602182469806,5.0,31.0,0.0,-1423.661988247285,-0.25571963952146126,1.0275350561788443,0.14882893753544982
512,1426.4575795814753,0.9501583953741948,0.09999569550055215,5.0,31.0,0.0,-1424.2009325905535,-0.18839920913738176,1.0081265632733083,0.1440612699171594
513,1425.803400327467,0.9955103932358845,0.10268267199251127,4.0,23.0,0.0,-1423.9921089303061,-0.20515215981826576,1.0138092317708653,0.15107012369316594
514,1425.7306281694578,0.8660517303231623,0.13406260232242445,4.0,15.0,0.0,-1422.256883416031,-0.16313718096131952,1.0025550278210125,0.14257761854836082
515,1425.0556792508867,0.9966814228870408,0.11295602182469806,5.0,31.0,0.0,-1423.6154560773944,-0.2590110294166804,1.0314009218912685,0.14739495202474887
516,1426.3217400320516,0.8321951079988008,0.09999569550055215,4.0,23.0,0.0,-1423.8969081653304,-0.20434139017810468,1.0122229992470557,0.1450536921810214
517,1427.1774822210855,0.8667846568642095,0.10268267199251127,4.0,19.0,0.0,-1423.9650598546878,-0.20206887287434885,1.0127540667230055,0.1456788704459025
518,1424.7371131284171,0.7289770679024228,0.13406260232242445,2.0,7.0,0.0,-1423.8351483880303,-0.16821882299546684,1.0015420746206225,0.14316044994283106
519,1424.1368823374867,0.847922354590969,0.11295602182469806,3.0,11.0,0.0,-1422.7021268711003,-0.252160105131436,1.0251421014000444,0.14729111671443784
520,1425.1240574246788,0.9324017053122065,0.09999569550055215,4.0,23.0,0.0,-1422.501307992654,-0.21199193314369347,1.0140885158372355,0.14982615991243625
521,1425.9758345870673,0.966530756253706,0.10268267199251127,5.0,31.0,0.0,-1425.3261161276362,-0.22185840612723437,1.0195919489544893,0.1404070057385453
522,1424.167393086742,0.9122993362687349,0.13406260232242445,2.0,7.0,0.0,-1423.233867147101,-0.16577082369688975,1.005679779043603,0.1436875316574574
523,1423.8172997809081,0.8178942431045854,0.11295602182469806,2.0,3.0,0.0,-1421.8583729239438,-0.23743979811273402,1.026823286740483,0.14783595150940299
524,1424.9494131918573,0.9848533767915143,0.09999569550055215,2.0,3.0,0.0,-1424.566818674726,-0.21127750449791416,1.0137330425387403,0.14980949613885414
525,1426.8751698402584,0.9924225722696767,0.10268267199251127,5.0,31.0,0.0,-1425.1356356404233,-0.1809381348445795,1.0070665723832437,0.14515953918581181
526,1423.6656591713952,0.9576261265104472,0.13406260232242445,4.0,31.0,0.0,-1419.1310437806508,-0.17469802374627766,1.002395016950192,0.14746886422842018
527,1423.3572170913055,0.9131024733348347,0.11295602182469806,3.0,15.0,0.0,-1421.1186226522204,-0.25403675735303294,1.0251987444333646,0.1461245245187499
528,1425.3714565290104,0.9893832414631409,0.09999569550055215,4.0,27.0,0.0,-1424.3099181710318,-0.23220128464121848,1.019674576626424,0.14560785263696932
529,1426.868214196932,0.9275771117940617,0.10268267199251127,5.0,31.0,0.0,-1426.1090417378005,-0.19794786664232183,1.0114834834057558,0.1476210209500368
530,1424.689333137986,0.9860954719611063,0.13406260232242445,3.0,11.0,0.0,-1422.9429730069558,-0.17036935619647645,1.001925720775435,0.14745065356900525
531,1425.8887403311276,1.0,0.11295602182469806,2.0,3.0,0.0,-1423.962185527947,-0.25033025205754134,1.0260247057864902,0.14601448360254787
532,1423.8203239401382,0.9989877678125467,0.09999569550055215,4.0,27.0,0.0,-1422.8060668341807,-0.2025970963863905,1.0111285615051024,0.13966237138121895
533,1427.0211603579949,0.9927377190345167,0.10268267199251127,5.0,63.0,0.0,-1425.6415898882444,-0.22126473822765072,1.0188147435512664,0.14758941892472854
534,1425.4702345593219,0.9966545410034604,0.13406260232242445,5.0,47.0,0.0,-1423.7024076635023,-0.25773031285871517,1.0281030617664197,0.1450295667500438
535,1425.6203766379429,0.9977998781939227,0.11295602182469806,4.0,31.0,0.0,-1423.2597762278178,-0.21465889508532238,1.0182849376940832,0.1508020801728155
536,1425.1899852752301,0.9996085562289188,0.09999569550055215,5.0,63.0,0.0,-1422.2693728066454,-0.24751822366310863,1.0254642488595278,0.14101018501809984
537,1425.6389975840193,0.7452906834822235,0.10268267199251127,4.0,23.0,0.0,-1423.5795190739957,-0.20477135414094041,1.0166761675271347,0.14656527496288585
538,1425.977255738323,1.0,0.13406260232242445,2.0,3.0,0.0,-1425.5889839975814,-0.25654250447480526,1.0286167161667523,0.14513053625438088
539,1426.4802846426387,0.9996413494606468,0.11295602182469806,3.0,11.0,0.0,-1424.4249757401506,-0.21782391575751206,1.0175091799682603,0.1494417795915393
540,1426.1773890419558,0.8516714279994949,0.09999569550055215,5.0,39.0,0.0,-1423.22517450872,-0.18853034439843,1.0078052668677306,0.14443825198480806
541,1426.0535431241808,0.9768709086158284,0.10268267199251127,4.0,23.0,0.0,-1424.0036289291354,-0.2404381932042617,1.0228890755567817,0.1461436615598754
542,1424.4635926846788,0.9036019220073411,0.13406260232242445,4.0,15.0,0.0,-1423.4733125974394,-0.2613481247564626,1.0309921813637173,0.15083790705369327
543,1425.8322660522201,0.9941842343149881,0.11295602182469806,4.0,31.0,0.0,-1423.678426944333,-0.180335090548453,1.0073420507322708,0.15024800261599677
544,1426.2384604097667,0.6268593489143401,0.09999569550055215,3.0,15.0,0.0,-1420.5742530169096,-0.16969752515398137,1.0049634470516389,0.14424420490082543
545,1424.6744915565575,0.9576000183901456,0.10268267199251127,5.0,35.0,0.0,-1423.8222008616067,-0.1731392622088703,1.0028255398834873,0.14867335224495445
546,1427.3057054077549,0.9998486969078507,0.13406260232242445,4.0,31.0,0.0,-1423.6974985098877,-0.21124651115292573,1.0164627315444021,0.14568367617562517
547,1426.0350895562535,0.9996524715995642,0.11295602182469806,4.0,15.0,0.0,-1425.5963551862837,-0.1892384605619892,1.0096713643140809,0.15030524515569008
548,1427.0497022046293,0.9988764278639647,0.09999569550055215,4.0,17.0,0.0,-1425.9780262552943,-0.1987009401518858,1.0134278316812688,0.1456723402521011
549,1419.7110276237172,0.6170195569136726,0.10268267199251127,2.0,7.0,0.0,-1419.6687921873752,-0.161707044263532,1.0065935545936464,0.14862079777047227
550,1427.148703691825,0.9840861170225038,0.13406260232242445,4.0,19.0,0.0,-1427.0795815830622,-0.21631705424804146,1.0182818203405606,0.14604545988230308
551,1426.690207756548,0.6134343872701756,0.11295602182469806,3.0,11.0,0.0,-1422.209270622078,-0.19625072499929985,1.0116452957060007,0.1488654463805993
552,1426.1532417193123,0.9078534168141573,0.09999569550055215,4.0,23.0,0.0,-1424.2092798413312,-0.22106366907875863,1.0209007332164326,0.14595986806549374
553,1423.0934265749647,0.9998067219081358,0.10268267199251127,4.0,19.0,0.0,-1418.9064531989725,-0.19676951235500492,1.0082797096840754,0.14297359778755095
554,1427.006477866748,0.9855514202247517,0.13406260232242445,4.0,31.0,0.0,-1426.693661955867,-0.21671637605398827,1.0176578892950938,0.14281033984933778
555,1426.8817833003945,0.9948209232119672,0.11295602182469806,4.0,23.0,0.0,-1423.5692316737695,-0.19078997880380624,1.010006807750172,0.14298928426201693
556,1426.7200258110531,0.7721664675827498,0.09999569550055215,4.0,23.0,0.0,-1422.719378510772,-0.2139123673000098,1.018282982596148,0.14648131297455827
557,1426.8128243109136,0.9872598070024713,0.10268267199251127,1.0,3.0,0.0,-1423.292775224264,-0.19196752237725687,1.0100708316535485,0.1428426190782219
558,1426.1349377228194,0.8753118707985463,0.13406260232242445,5.0,31.0,0.0,-1425.6983776805662,-0.2320661958408233,1.023781110503648,0.14411636503530023
559,1425.989604630972,0.9933407004066553,0.11295602182469806,5.0,31.0,0.0,-1425.6805614000361,-0.21110020293442414,1.0160112935969448,0.15085180748353727
560,1426.8159408376162,0.9916982209712288,0.09999569550055215,5.0,31.0,0.0,-1426.1854603474062,-0.18185423848653468,1.0071380430778383,0.1463603325253391
561,1424.022015299969,0.9702647984102712,0.10268267199251127,4.0,31.0,0.0,-1423.1095464102875,-0.17110509320135814,1.0038614668110477,0.13864983771455994
562,1426.9078143248462,0.9737985597115488,0.13406260232242445,3.0,15.0,0.0,-1425.2238147617431,-0.22234595717555206,1.0203779173426715,0.14567650359524756
563,1426.232472300794,0.9451793828684827,0.11295602182469806,3.0,11.0,0.0,-1425.5272549434442,-0.20905305038765626,1.0143805141593256,0.1495424987648365
564,1426.7210230334824,0.9922257775495085,0.09999569550055215,5.0,63.0,0.0,-1425.7672688921712,-0.22885521303575498,1.0218710370934663,0.14773413969083665
565,1427.1087801922204,0.930872175019301,0.10268267199251127,5.0,31.0,0.0,-1423.003070088758,-0.2169485446827678,1.0182023647678593,0.14361064430827902
566,1425.5472156289036,0.9523003473656676,0.13406260232242445,4.0,23.0,0.0,-1424.063467168691,-0.23031596717170275,1.0222390983777268,0.14007714369977142
567,1426.6514374553592,0.9824302915160601,0.11295602182469806,4.0,27.0,0.0,-1425.9604552311214,-0.20402208488394732,1.0154257947637872,0.14714705999217512
568,1426.5475038463926,0.9160599437468219,0.09999569550055215,5.0,63.0,0.0,-1424.4846349156867,-0.1910808623876693,1.009156161829448,0.14772548564287166
569,1426.7052695638706,0.9896516439489231,0.10268267199251127,5.0,31.0,0.0,-1426.3527410929707,-0.18686086904175825,1.008366099172304,0.14756617286399945
570,1427.1015540987353,0.999565294941483,0.13406260232242445,3.0,15.0,0.0,-1424.6334191036728,-0.22406223284221863,1.0203286911022467,0.14454537713303775
571,1426.4421461390552,0.9519168656305729,0.11295602182469806,4.0,27.0,0.0,-1425.9740110845553,-0.21279427529553313,1.0182346690128212,0.1469118563633123
572,1425.6844180150865,0.7991296375227998,0.09999569550055215,4.0,23.0,0.0,-1421.8828263212567,-0.19026342723305995,1.0080974584758013,0.1427657216408422
573,1426.0382949893985,0.9981784592114284,0.10268267199251127,5.0,31.0,0.0,-1424.9501250346032,-0.21127875761913628,1.0156280659136299,0.15061726870881734
574,1426.3155029283325,0.8259915652586506,0.13406260232242445,4.0,19.0,0.0,-1425.6353828424212,-0.2043720912064848,1.015903285497792,0.14372870817690225
575,1425.1499204647198,0.8435582845405893,0.11295602182469806,4.0,31.0,0.0,-1423.1361728320496,-0.16965650612310706,1.0062273022956418,0.14740367551218728
576,1426.1894938149637,0.8595753995979679,0.09999569550055215,2.0,3.0,0.0,-1424.0706331888898,-0.18872866606526384,1.010833562467604,0.1421122813497793
577,1423.0503410434899,0.9535651144073999,0.10268267199251127,5.0,31.0,0.0,-1421.3116204098883,-0.28817033664494296,1.0397383000912421,0.1467092279691239
578,1425.9695748814265,1.0,0.13406260232242445,4.0,23.0,0.0,-1425.2165558675063,-0.20468626480150404,1.01240675810981,0.14860306276471147
579,1425.4507982196449,0.9943611103204908,0.11295602182469806,3.0,11.0,0.0,-1424.8236591278273,-0.1823015643039705,1.0056112066562297,0.14744701459506823
580,1426.800397170656,1.0,0.09999569550055215,5.0,31.0,0.0,-1425.690059705669,-0.17806426781554766,1.006710117660694,0.14495497831412207
581,1420.4062712496434,0.9620771787021447,0.10268267199251127,3.0,11.0,0.0,-1419.7564451774533,-0.3096731981195138,1.0463020165737233,0.14775349094003962
582,1424.6656633754853,0.9463403799424598,0.13406260232242445,4.0,19.0,0.0,-1424.2674799809918,-0.19527244340345548,1.013670879492243,0.1404601631368513
583,1426.4372088055059,0.9972220055257588,0.11295602182469806,4.0,19.0,0.0,-1425.293108781652,-0.2064332704367945,1.013017927043561,0.1468910410264649
584,1426.7333463226896,0.9587945556870461,0.09999569550055215,4.0,15.0,0.0,-1426.4724817560525,-0.18276009748407715,1.0071042713165788,0.14447393591725918
585,1423.2486582216695,0.8721691721188892,0.10268267199251127,5.0,39.0,0.0,-1415.3040384376202,-0.1380730695361766,0.9930704937485549,0.14446780210107363
586,1424.0860987988835,0.8397121311840015,0.13406260232242445,1.0,1.0,0.0,-1423.6663595807843,-0.19519715642811006,1.0140228293439948,0.1403604854653792
587,1426.489454101574,0.99761108312129,0.11295602182469806,4.0,31.0,0.0,-1422.4980779233442,-0.21119542668125477,1.0177509748999192,0.1441248516645456
588,1426.1090310189522,0.8332313878532674,0.09999569550055215,5.0,35.0,0.0,-1423.997316199757,-0.21805053764597054,1.0199585081011509,0.1435682352893034
589,1426.1603423937174,0.9549931296569079,0.10268267199251127,3.0,15.0,0.0,-1422.1594688250987,-0.16395894599566097,1.0023662726751592,0.14458506133894639
590,1424.9667633506817,1.0,0.13406260232242445,2.0,7.0,0.0,-1423.9672112168957,-0.20687308515929043,1.0125275582303044,0.14134200075574527
591,1426.728344751968,0.9989389311365123,0.11295602182469806,3.0,15.0,0.0,-1425.294010700576,-0.21670976132564415,1.0174704138346689,0.14190934732546392
592,1426.5909425037596,0.8822311993911507,0.09999569550055215,2.0,3.0,0.0,-1425.0924335945197,-0.2218367380592916,1.01783832812349,0.14343801478572069
593,1421.696910391933,0.7946110917910663,0.10268267199251127,5.0,31.0,0.0,-1419.6961297227706,-0.18066860821007122,1.0079328936919114,0.15644885040537124
594,1426.4184564211787,0.9505483721446649,0.13406260232242445,4.0,31.0,0.0,-1423.5252778150505,-0.1938978005054602,1.011713384606816,0.14156469955157788
595,1426.2762632374977,0.9998612163618987,0.11295602182469806,5.0,63.0,0.0,-1425.6340078683513,-0.24923776835344452,1.0273761672509718,0.14693801519648117
596,1426.8014455451093,1.0,0.09999569550055215,4.0,27.0,0.0,-1426.1786820135817,-0.19957231170636885,1.0114396118080404,0.14602229054853189
597,1425.3581464649546,0.9763223459973627,0.10268267199251127,5.0,31.0,0.0,-1420.0503935355364,-0.15456859505212842,0.9997561806288529,0.14300752832738284
598,1424.7160003381512,0.9463278986827595,0.13406260232242445,5.0,31.0,0.0,-1422.5600528675977,-0.1463722915104655,0.9986331805512484,0.14678564217839674
599,1424.227455887832,0.9669357312372922,0.11295602182469806,5.0,31.0,0.0,-1423.558596470655,-0.25098419590418125,1.0285151276490803,0.13951828104778907
600,1426.639418888293,0.9665435126137839,0.09999569550055215,3.0,15.0,0.0,-1426.2525292739963,-0.20083338495879607,1.0146040800088465,0.14649839451271576
601,1424.929049138352,0.9859394081995219,0.10268267199251127,5.0,31.0,0.0,-1423.9031915625794,-0.15235458711203947,0.9985815989162917,0.14892453595294053
602,1424.100443214863,0.6364367818000464,0.13406260232242445,2.0,3.0,0.0,-1421.709907782895,-0.14337818138078942,0.998296209987363,0.14676920274309097
603,1424.8915107894,0.8689946846429418,0.11295602182469806,2.0,7.0,0.0,-1422.9571036312927,-0.24893157175058087,1.0278474107555722,0.14040914548976907
604,1426.088458832992,0.8214041492789411,0.09999569550055215,4.0,27.0,0.0,-1422.2986781736902,-0.1698423955173879,1.0049650037225266,0.1477846959138648
605,1425.1535914273138,0.9446324994306194,0.10268267199251127,5.0,31.0,0.0,-1423.8309001909277,-0.15222333160818524,0.9980247449022422,0.14517076153032948
606,1423.9350243116255,0.9952006586892739,0.13406260232242445,5.0,31.0,0.0,-1421.8608611656614,-0.14901961261140106,0.9997415257399307,0.1417744387905892
607,1425.5325245245817,0.8950918455589619,0.11295602182469806,3.0,11.0,0.0,-1423.4789634640545,-0.24340007239861525,1.0261616603135795,0.141105399705044
608,1424.7250386126573,0.9984635476277041,0.09999569550055215,5.0,63.0,0.0,-1422.9694319476025,-0.2268360969691417,1.0212278199551679,0.15266512099249205
609,1426.8041739074483,0.9781995899436869,0.10268267199251127,4.0,31.0,0.0,-1423.002354789358,-0.23182088100387488,1.0211787364535931,0.14434946104257043
610,1424.4459515451579,1.0,0.13406260232242445,2.0,3.0,0.0,-1424.0476049405447,-0.15458103602783613,0.9985419900390156,0.1417161045795661
611,1426.2852086992643,0.8204579104081137,0.11295602182469806,2.0,7.0,0.0,-1424.1047456523252,-0.24162178632618633,1.024739768200677,0.14238731396180543
612,1425.7752539415492,0.9447045081729796,0.09999569550055215,3.0,15.0,0.0,-1423.520499764902,-0.22587803415654417,1.0213266035539863,0.15038210204672667
613,1426.573891733672,0.9837326782696696,0.10268267199251127,5.0,35.0,0.0,-1425.756472011191,-0.1792277651621516,1.0060384484941027,0.14660103119946497
614,1425.184378961587,0.9849502319552682,0.13406260232242445,4.0,15.0,0.0,-1423.887290957185,-0.14950530574709306,0.9977362205880543,0.14463002053951513
615,1426.6783394782003,0.9286849651372677,0.11295602182469806,5.0,31.0,0.0,-1425.3070119822542,-0.22976817670252986,1.0207049560592907,0.1478464927244057
616,1425.3523678000292,0.8860998422408761,0.09999569550055215,5.0,31.0,0.0,-1423.5436751500376,-0.25243744686258707,1.0296924737670303,0.14641294382024694
617,1427.1117330828602,0.9710308247891628,0.10268267199251127,5.0,31.0,0.0,-1426.0709682672643,-0.1982040573822976,1.011728304513392,0.1465229309111166
618,1427.0917633051088,0.999742407116574,0.13406260232242445,5.0,47.0,0.0,-1424.2394571454242,-0.22122602225362442,1.0194569962535356,0.14388239066017183
619,1426.3213503635347,0.9953612950996035,0.11295602182469806,5.0,63.0,0.0,-1425.2622653780145,-0.16919577420432644,1.003567931100125,0.14673894421282713
620,1426.662060700301,0.9996327866101742,0.09999569550055215,5.0,31.0,0.0,-1425.0086227687475,-0.22242637482438693,1.0186105945988475,0.1423418174348816
621,1425.2513312149872,0.8026641321610375,0.10268267199251127,4.0,27.0,0.0,-1423.4929682368877,-0.21697315540368584,1.0156242091104402,0.149731567138366
622,1425.954901947516,0.820813481834408,0.13406260232242445,2.0,7.0,0.0,-1425.5894124667475,-0.21678956156034224,1.01980520142454,0.144009811702906
623,1426.1035134933495,0.7896456078588875,0.11295602182469806,2.0,7.0,0.0,-1424.4960751874805,-0.1665930758376336,1.0032378148327405,0.14772517696138754
624,1424.723621828983,0.8508741019848548,0.09999569550055215,4.0,15.0,0.0,-1423.7036751110436,-0.19587329738114942,1.0131323307374809,0.139224082838416
625,1424.718216252725,0.9841330099970296,0.10268267199251127,5.0,31.0,0.0,-1423.781623984291,-0.17234266130086814,1.0071654380079045,0.14245921329856384
626,1425.3859198248456,0.9296661195782997,0.13406260232242445,4.0,31.0,0.0,-1424.500375730006,-0.20008050536186617,1.0105531961033398,0.14275859616625097
627,1426.2706336943847,0.9014310712379153,0.11295602182469806,5.0,31.0,0.0,-1424.8238713875237,-0.1851187039307029,1.0101105102120242,0.1438290877220937
628,1425.1973856465675,0.9755018490032514,0.09999569550055215,5.0,31.0,0.0,-1423.8583219922652,-0.22076888457109659,1.0172071641616467,0.14029474828403105
629,1424.667045116974,0.9994775272984676,0.10268267199251127,2.0,7.0,0.0,-1424.5771771934837,-0.18159986874849582,1.005163318563963,0.14211469644783611
630,1424.6230756524888,0.931159709067373,0.13406260232242445,2.0,3.0,0.0,-1423.9537435287093,-0.20239883046903212,1.0107378054653688,0.1425549340775682
631,1424.9100474122592,0.7169484893424898,0.11295602182469806,4.0,23.0,0.0,-1420.926526688206,-0.1452474933628174,0.9972711565173114,0.14394106731795653
632,1424.3288230860408,0.9967273921360583,0.09999569550055215,5.0,31.0,0.0,-1423.0970503021767,-0.26836534086254377,1.0309281392478535,0.14835418665170028
633,1425.1248501064263,0.9975492471203866,0.10268267199251127,5.0,31.0,0.0,-1424.1767823779187,-0.23057253069450034,1.024212604690195,0.14717618030045798
634,1426.7931331679374,0.9310131313745414,0.13406260232242445,2.0,3.0,0.0,-1424.6728633741861,-0.19737779774683856,1.0126530292210354,0.14246392176214032
635,1425.6786253320847,0.9895225184320254,0.11295602182469806,4.0,15.0,0.0,-1424.4305609110245,-0.15678630173461722,1.0007814065006937,0.1440496519445871
636,1424.9547517800609,0.992914088346529,0.09999569550055215,2.0,7.0,0.0,-1424.1257965433051,-0.26766090116658986,1.0326990495526764,0.14847158158062324
637,1425.8702384495043,1.0,0.10268267199251127,1.0,1.0,0.0,-1425.1491201807532,-0.2310625469870053,1.023754262821648,0.1470797660497604
638,1423.8750036931726,0.7440312410595163,0.13406260232242445,5.0,31.0,0.0,-1423.3888656552108,-0.24508011384913495,1.023240219415843,0.1501313471466229
639,1427.2413077971191,0.999478701372484,0.11295602182469806,4.0,31.0,0.0,-1424.4879252947785,-0.20161306381776312,1.0128010330599972,0.145408225293697
640,1425.3499472947603,0.972269379275,0.09999569550055215,5.0,31.0,0.0,-1422.4200923575002,-0.2590618453173592,1.029309164966895,0.14239384280174341
641,1425.9771705842184,1.0,0.10268267199251127,5.0,31.0,0.0,-1425.3289266834631,-0.20908429413069,1.0169897539173467,0.14155558061356333
642,1427.1557347700784,0.999204083540809,0.13406260232242445,5.0,31.0,0.0,-1421.3827965227856,-0.22083741970163143,1.0194620412238327,0.1457774978011786
643,1425.7367116763403,0.9910070879731376,0.11295602182469806,4.0,31.0,0.0,-1425.6691899930422,-0.20356677150524,1.0131452650582753,0.14000017965498712
644,1425.7451995453125,0.9977771413363846,0.09999569550055215,5.0,31.0,0.0,-1423.9115579341972,-0.24020031504359135,1.0242101905150083,0.15020631865607137
645,1426.3944135684899,0.9520737847190159,0.10268267199251127,4.0,27.0,0.0,-1425.1838699288935,-0.20196205237121304,1.0117315923560755,0.14390907572475067
646,1426.9757313947907,0.7549687987164471,0.13406260232242445,3.0,15.0,0.0,-1423.564443076704,-0.2207968390037528,1.01931822135086,0.14317003929442468
647,1425.679211051739,0.9858137432337163,0.11295602182469806,5.0,31.0,0.0,-1425.1751734520708,-0.2017883825233863,1.012519625526074,0.15104193888587228
648,1425.7366549592016,0.970890428870416,0.09999569550055215,2.0,3.0,0.0,-1425.5145054503996,-0.2398702379901069,1.0246769254397343,0.1501948441669679
649,1425.6100147437378,0.8810624387655619,0.10268267199251127,3.0,15.0,0.0,-1422.1429144351807,-0.1738881941414859,1.0068230616362857,0.1424125884949782
650,1426.6943665143458,0.9997601749414088,0.13406260232242445,5.0,31.0,0.0,-1426.219703073407,-0.24021216099771125,1.0241958899220358,0.14412209506252024
651,1425.754625011221,0.9999778507521964,0.11295602182469806,4.0,15.0,0.0,-1425.621487000293,-0.2011903523315707,1.0124223715297926,0.15094322983667532
652,1426.6406559879388,0.9926945025935441,0.09999569550055215,5.0,31.0,0.0,-1425.3015475743457,-0.24037154963510213,1.0251078753087945,0.14474940458833993
653,1424.2622777689082,0.9606052949567926,0.10268267199251127,3.0,11.0,0.0,-1423.883550823607,-0.16632920521261932,1.0050355260788175,0.14083059776889775
654,1425.1854592345924,0.6628546184985611,0.13406260232242445,2.0,3.0,0.0,-1424.694669651186,-0.2367479170689072,1.025835173548336,0.14431416063710395
655,1426.6731272960546,0.9701449598150258,0.11295602182469806,4.0,31.0,0.0,-1425.4253645843514,-0.21098152486605376,1.0155447108075129,0.14900197302776094
656,1426.994147983596,0.9413355329906286,0.09999569550055215,5.0,31.0,0.0,-1425.995150914844,-0.20657217397177408,1.0155832242614127,0.14350242155975135
657,1426.015760012956,0.9962017763798745,0.10268267199251127,5.0,31.0,0.0,-1423.491784415143,-0.183214525428943,1.0089634013493234,0.14944659579702546
658,1426.5734590248828,0.9623927835806729,0.13406260232242445,3.0,11.0,0.0,-1424.6995695703065,-0.2279148829397805,1.0222923658143759,0.1449305174223902
659,1426.4544999757716,0.9945789543860725,0.11295602182469806,4.0,23.0,0.0,-1423.7601732167616,-0.22403990626392156,1.0204661835014834,0.14179135388833097
660,1427.1477932397954,0.9925916984880809,0.09999569550055215,4.0,27.0,0.0,-1426.573471560544,-0.2059739794891236,1.013796741006129,0.14465431770802922
661,1426.6606232521597,0.9899427522716118,0.10268267199251127,3.0,9.0,0.0,-1425.7883208944831,-0.18898188487727638,1.0095196266195785,0.14852402587098348
662,1426.4077475529573,0.9982909620984824,0.13406260232242445,3.0,11.0,0.0,-1425.9916086655219,-0.2464502016477633,1.0255128935010578,0.14541266049200482
663,1426.2103316596156,0.8922352820949713,0.11295602182469806,5.0,31.0,0.0,-1425.132571045422,-0.20963201411288243,1.017239361277773,0.14248831456371086
664,1426.8057152242102,0.9992906111644464,0.09999569550055215,4.0,31.0,0.0,-1426.4753694774754,-0.1984408237730268,1.0115836525571773,0.1429404421859301
665,1426.80176030699,0.9041690522365005,0.10268267199251127,5.0,31.0,0.0,-1425.7658165209148,-0.1974902720162393,1.0126292695662928,0.14835541783765932
666,1424.288413701609,0.8205370944787677,0.13406260232242445,3.0,11.0,0.0,-1423.5216515844738,-0.26892272116217003,1.0309646719663823,0.1436604256606245
667,1425.1547420607803,0.9997338069001931,0.11295602182469806,5.0,31.0,0.0,-1424.5024014235428,-0.25419273854915936,1.0301704982932698,0.1475046390072245
668,1426.8246422618802,0.9253974682189438,0.09999569550055215,2.0,3.0,0.0,-1426.2964252168406,-0.1977113325122715,1.0114957696128195,0.1428291849669078
669,1427.0073286878226,0.9953865711841114,0.10268267199251127,5.0,63.0,0.0,-1426.1917246359917,-0.1856495228807434,1.009090882108406,0.1458082533564736
670,1426.5795684835255,0.9087962882776197,0.13406260232242445,5.0,31.0,0.0,-1423.04986043247,-0.1914760169048709,1.0111635156411116,0.14851473954633249
671,1426.6950032717893,0.9991914359122669,0.11295602182469806,4.0,17.0,0.0,-1425.0931349976606,-0.2288516649956513,1.0223713194657336,0.14497401256364437
672,1427.0401429244632,0.9844608792388592,0.09999569550055215,3.0,11.0,0.0,-1426.594748992815,-0.19801249431055004,1.0127894491141989,0.1434130717280366
673,1424.6146037426624,0.8088215981265043,0.10268267199251127,4.0,31.0,0.0,-1422.010779458862,-0.1943349047902368,1.0134568077133497,0.1405309583795715
674,1426.99209063133,1.0,0.13406260232242445,5.0,31.0,0.0,-1426.0889338694035,-0.22060931038998632,1.0184286981985176,0.147637029910354
675,1426.744632667778,0.9996614932403768,0.11295602182469806,4.0,15.0,0.0,-1426.3624068164809,-0.23490510433044495,1.0228599687051494,0.14326737754041974
676,1426.9254566348195,0.8804042828882409,0.09999569550055215,2.0,3.0,0.0,-1426.269911291415,-0.19998235058018735,1.011946016372115,0.14364653376920486
677,1426.0436124531846,1.0,0.10268267199251127,5.0,63.0,0.0,-1423.877908009054,-0.16867842872040245,1.002984211181712,0.14736377396595762
678,1427.1500789003978,0.9970991143544414,0.13406260232242445,5.0,31.0,0.0,-1426.788774736851,-0.19695989851900209,1.012483093871329,0.14424615515802341
679,1426.0578655915297,0.8147051565702158,0.11295602182469806,5.0,31.0,0.0,-1425.1194079602394,-0.1836616107902981,1.0064197143099283,0.1466145366759756
680,1425.9248128144318,0.9994196283988681,0.09999569550055215,5.0,31.0,0.0,-1425.8126182839158,-0.25099906586385645,1.0285094423419565,0.14716649712558763
681,1425.835902472855,0.9932881073694279,0.10268267199251127,3.0,11.0,0.0,-1425.5777585525689,-0.16158891633704345,1.00237120232374,0.1474576259421033
682,1427.2340135633833,0.9204668218309133,0.13406260232242445,4.0,23.0,0.0,-1426.6723497218516,-0.20291608217075557,1.013613527665219,0.14391722753873842
683,1426.6183769737013,0.997942043742374,0.11295602182469806,5.0,39.0,0.0,-1425.093584890608,-0.23861128161439363,1.0236759928320014,0.14749757536552988
684,1425.9426123829155,0.9857543900037381,0.09999569550055215,3.0,7.0,0.0,-1425.780316225238,-0.252397840461919,1.02710690129325,0.14726476415907422
685,1426.7919025069968,0.9969883418012635,0.10268267199251127,5.0,31.0,0.0,-1425.4930862660685,-0.19303736929959675,1.010112782543908,0.14771901275965882
686,1426.9610606556148,0.7210502626034437,0.13406260232242445,3.0,11.0,0.0,-1425.5682839444644,-0.20673285802097233,1.015857284915283,0.1440865743959348
687,1426.7477686708667,0.9994231526712323,0.11295602182469806,5.0,47.0,0.0,-1426.228816560263,-0.19158254576248085,1.0101862159129824,0.14243981676615802
688,1425.7503722372637,0.8725587218536824,0.09999569550055215,3.0,15.0,0.0,-1422.3271320086867,-0.22432362068525757,1.022107777454846,0.14646217562369393
689,1426.9769069066042,0.9529554003348848,0.10268267199251127,3.0,15.0,0.0,-1425.9123715522192,-0.20000496892644912,1.011796902767858,0.1456552169098204
690,1427.1581079256491,0.8098774791161257,0.13406260232242445,2.0,3.0,0.0,-1425.537773867047,-0.20652007189681723,1.0147451054419354,0.14333877708745293
691,1426.643873962382,0.951043884243761,0.11295602182469806,2.0,7.0,0.0,-1426.2973515894205,-0.19183249874463945,1.011423627078844,0.14280906819027825
692,1425.1627395543042,0.8549772852975809,0.09999569550055215,3.0,11.0,0.0,-1423.2651603148302,-0.2495555346108911,1.025028374478244,0.14464238745000502
693,1427.2745850843173,0.9951399775551024,0.10268267199251127,4.0,29.0,0.0,-1426.2800224177108,-0.2178510143980654,1.0176820480705933,0.1455383637850262
694,1424.9770643838688,0.7422794021086823,0.13406260232242445,4.0,19.0,0.0,-1423.2022139255205,-0.24132162100954938,1.0271317529884403,0.14747521279198944
695,1427.100067578082,0.9548870443662023,0.11295602182469806,4.0,31.0,0.0,-1425.8690377758558,-0.19462907667286855,1.0110256897987533,0.1468894753945166
696,1426.1353214509259,1.0,0.09999569550055215,2.0,3.0,0.0,-1425.336804104012,-0.24870549520739893,1.0258708389882616,0.1446040040286625
697,1426.6175269503553,0.9830542396642498,0.10268267199251127,5.0,47.0,0.0,-1426.0117850420984,-0.17890667119152256,1.0060515683991478,0.1465410180598852
698,1426.3324304701573,0.9657150305563056,0.13406260232242445,4.0,23.0,0.0,-1424.0607661070067,-0.2008184188779104,1.0146356816001614,0.14281685984147935
699,1427.2295339032407,0.9984029439147587,0.11295602182469806,4.0,31.0,0.0,-1426.7026102082773,-0.21958262610060197,1.0184423691711106,0.14426774511344082
700,1426.6880671656563,0.9744806721407324,0.09999569550055215,3.0,15.0,0.0,-1424.9416646159248,-0.23415042740183598,1.023673412931828,0.14486722071608374
701,1426.6064881125005,0.9635833772837533,0.10268267199251127,5.0,31.0,0.0,-1425.8817758500797,-0.17971141045945604,1.00688865349621,0.14309682948093455
702,1425.2301465518094,0.7730415450069205,0.13406260232242445,4.0,23.0,0.0,-1423.2311122387512,-0.20644909513732862,1.0174716779404627,0.14526394016474686
703,1427.3106639639961,0.9996588310093704,0.11295602182469806,6.0,63.0,0.0,-1427.086594287989,-0.21428149228274426,1.0168989381932454,0.14464701277327185
704,1424.7295906176819,0.9995956548917306,0.09999569550055215,5.0,31.0,0.0,-1424.2504680815812,-0.1408964156608106,0.9959462612767,0.14564900018598284
705,1425.3166003558724,0.725755517816788,0.10268267199251127,1.0,3.0,0.0,-1424.9190994136534,-0.18363293324026767,1.0059496405780353,0.14317160830404416
706,1426.0693537567656,0.9073833502001942,0.13406260232242445,3.0,11.0,0.0,-1424.1771103489073,-0.20474201312414436,1.0162431992558563,0.14376229476331862
707,1427.2946586212302,0.9900604210164211,0.11295602182469806,4.0,23.0,0.0,-1427.0063679078205,-0.21090033741017178,1.0155719055993688,0.14554979167259288
708,1424.1429196784102,0.918933025292881,0.09999569550055215,5.0,35.0,0.0,-1423.3922106500686,-0.2724165983982649,1.035407877347305,0.14490342225275707
709,1426.886647770356,0.927667399924983,0.10268267199251127,4.0,19.0,0.0,-1423.9391201822978,-0.20280565464314934,1.0124365504206665,0.14586341714738255
710,1426.6116631597392,0.8907724181125484,0.13406260232242445,4.0,31.0,0.0,-1424.938941818303,-0.1833231689604007,1.0092386365507235,0.14564452069126582
711,1425.7055628460018,0.9268513886093795,0.11295602182469806,4.0,31.0,0.0,-1424.779981614795,-0.2543663742871356,1.0271914743272317,0.1455409638862025
712,1426.1367530347386,0.9850310285228363,0.09999569550055215,4.0,31.0,0.0,-1422.363707606217,-0.18473625575223593,1.0067524015066265,0.14466739420355215
713,1427.001466608612,0.9547255118332743,0.10268267199251127,4.0,23.0,0.0,-1424.9061639187112,-0.20759567370792179,1.0148001595444738,0.14801333633454103
714,1426.5930609009008,0.9731805879991967,0.13406260232242445,3.0,11.0,0.0,-1426.0351929469116,-0.1743492495933472,1.0060629588498766,0.14544035369071623
715,1426.6488822748468,0.9992083473201777,0.11295602182469806,5.0,31.0,0.0,-1425.3412699576431,-0.2261367846711761,1.0209819065662542,0.14241156212998843
716,1425.9113925950091,0.7743278963174767,0.09999569550055215,2.0,7.0,0.0,-1423.9036621278287,-0.1773299345135765,1.0080843663176722,0.14444480832245143
717,1426.7569004626478,0.9726380504879027,0.10268267199251127,3.0,9.0,0.0,-1426.5598257296624,-0.207029070033709,1.014971244987719,0.14893273673045734
718,1425.7937876781693,0.999383145258139,0.13406260232242445,5.0,35.0,0.0,-1424.72194489505,-0.25505733144895343,1.028607549239436,0.14820198609364824
719,1426.854274583926,0.9533858406904586,0.11295602182469806,5.0,31.0,0.0,-1426.2187303890923,-0.20736962930500907,1.0144072675394018,0.1482988025169074
720,1423.4874318426535,0.9811089853797993,0.09999569550055215,5.0,31.0,0.0,-1423.2874217888652,-0.14337007100364782,0.9985211621569379,0.14890799962562987
721,1426.4708196734045,0.9941567138957437,0.10268267199251127,4.0,23.0,0.0,-1424.8072056918447,-0.18976754693921027,1.0102878383301035,0.14175174968725815
722,1426.3564633988226,0.9898243230681032,0.13406260232242445,4.0,15.0,0.0,-1424.9798798265788,-0.2474627140317887,1.0271644064503647,0.14599804896506832
723,1426.854274583926,0.5284441586874877,0.11295602182469806,2.0,3.0,0.0,-1424.1382240032747,-0.20736962930500907,1.0144072675394018,0.1482988025169074
724,1423.7135255490325,0.812108120286091,0.09999569550055215,2.0,3.0,0.0,-1421.1525552722003,-0.15569035323456373,0.9976286337232142,0.14809520121815675
725,1425.5354988031613,0.9485695570494271,0.10268267199251127,3.0,11.0,0.0,-1425.3504973451227,-0.18892598395510116,1.0083721590832155,0.140736399238837
726,1426.5804255973378,0.9105120925030734,0.13406260232242445,5.0,31.0,0.0,-1425.6434205504715,-0.19406504100768684,1.009656819871769,0.14517413020799794
727,1425.7238671331993,0.9997420295107298,0.11295602182469806,5.0,47.0,0.0,-1425.3401996727075,-0.1599202809418083,1.001042002507056,0.14331385737833388
728,1426.6450020649231,1.0,0.09999569550055215,5.0,31.0,0.0,-1423.649750169334,-0.19099795129059957,1.0106388245098694,0.14864554110404452
729,1425.6617218973183,0.9998703783162383,0.10268267199251127,5.0,63.0,0.0,-1424.669559388486,-0.20801822787201474,1.0164451843426636,0.14041829242418064
730,1424.7757332271467,1.0,0.13406260232242445,4.0,23.0,0.0,-1423.9479262257512,-0.1689312886276644,1.0052851924413595,0.15067916225199682
731,1426.8690279488535,0.9987350149713332,0.11295602182469806,4.0,15.0,0.0,-1425.6034297428878,-0.18109100498947894,1.0076399708701873,0.14451836022017606
732,1424.3926457542918,0.987638834108261,0.09999569550055215,5.0,63.0,0.0,-1423.2260153675682,-0.27340842209764565,1.0348693795250186,0.14840874867071083
733,1424.7783836489698,0.9132927095308112,0.10268267199251127,3.0,11.0,0.0,-1423.0221339904094,-0.21455821362850627,1.0158649836270313,0.13887921078279006
734,1426.0467642001054,0.9947259016447124,0.13406260232242445,5.0,31.0,0.0,-1424.7357362951802,-0.2192089636521141,1.018582344595099,0.1403767693486428
735,1426.7572461065813,0.9907860555906711,0.11295602182469806,4.0,31.0,0.0,-1425.4980807365473,-0.17902985078414924,1.0064100772645068,0.146253749305265
736,1425.8867882235381,0.9843022304863557,0.09999569550055215,5.0,31.0,0.0,-1422.7959894311218,-0.22596467799962522,1.0209815067366432,0.15049615519778467
737,1421.9663498976201,0.9543130328813931,0.10268267199251127,4.0,15.0,0.0,-1421.50882059482,-0.19110838019723383,1.0120027908903133,0.13630148998375366
738,1427.022959278403,0.7141705837629411,0.13406260232242445,4.0,27.0,0.0,-1423.914912291614,-0.18853097525142226,1.0091547140111938,0.14441293365782956
739,1426.3520962887108,0.9031660852965064,0.11295602182469806,2.0,3.0,0.0,-1426.02204797271,-0.17949813187498329,1.005686605621438,0.14629112503162695
740,1425.917261691074,0.9921413331543628,0.09999569550055215,1.0,3.0,0.0,-1425.7540668201586,-0.22785870950383222,1.0206792448556732,0.1505776813097058
741,1422.3494405268216,0.999737800462309,0.10268267199251127,5.0,63.0,0.0,-1418.4502890051683,-0.13748509447021248,0.9929490675583847,0.15065664214186747
742,1426.7636618436654,0.9547523756633456,0.13406260232242445,4.0,31.0,0.0,-1426.1748579655966,-0.2228325500186358,1.0205111145804568,0.14365809112056976
743,1424.9397983707916,0.9288025364078217,0.11295602182469806,5.0,31.0,0.0,-1423.4036111146745,-0.2179504893174784,1.0191214859561997,0.13906998784229016
744,1425.4992246709353,0.667364278237305,0.09999569550055215,4.0,19.0,0.0,-1422.3886268180531,-0.2164064143178436,1.0150889313138174,0.14686656242899437
745,1423.2340011123042,0.9565179535741434,0.10268267199251127,3.0,15.0,0.0,-1421.4246825634277,-0.14698916679739066,0.9952307619963113,0.1483883339081138
746,1427.2878282089187,0.9459299926238386,0.13406260232242445,4.0,27.0,0.0,-1425.132719109717,-0.20341336829959156,1.0142527550099465,0.14507233005805337
747,1426.8133446888419,0.9696839070525449,0.11295602182469806,4.0,19.0,0.0,-1424.5724506502595,-0.2195391233279056,1.0174347786313667,0.14726426540813672
748,1425.040480331871,0.9981922574210591,0.09999569550055215,4.0,31.0,0.0,-1424.6558690310676,-0.17649419533689714,1.008442432591978,0.1478342238244724
749,1424.4717524762527,0.9996390997630411,0.10268267199251127,5.0,31.0,0.0,-1422.6365538754812,-0.15401419928563803,1.0016147620683722,0.1440773846642045
750,1426.2452585153783,0.9384231232910225,0.13406260232242445,3.0,15.0,0.0,-1424.5876323473794,-0.2072934287121938,1.0157670265254115,0.1410342490234491
751,1426.9803346102124,0.9998204252855101,0.11295602182469806,5.0,31.0,0.0,-1426.7381338733114,-0.21406337278277368,1.017658818940836,0.1433266884801359
752,1425.1527721634086,0.8951304304098061,0.09999569550055215,4.0,23.0,0.0,-1423.005566641599,-0.1749177092860091,1.0034126292965815,0.1471427979252704
753,1425.3752144046875,0.9966219786526954,0.10268267199251127,5.0,63.0,0.0,-1423.0127419386133,-0.22539205093929898,1.0180315504383708,0.1421875580878284
754,1425.8006421425766,0.9873797189539689,0.13406260232242445,3.0,15.0,0.0,-1424.7175134937902,-0.20946070074056736,1.0153962868456818,0.13980037926672984
755,1426.126094532795,0.996429756758426,0.11295602182469806,3.0,15.0,0.0,-1425.7971698797728,-0.2105608186900033,1.0162658082558045,0.14045948380544296
756,1423.6731061609512,0.9600177678839367,0.09999569550055215,5.0,31.0,0.0,-1423.0022034330066,-0.2550444122322793,1.0312655522736458,0.1423678943151562
757,1426.1367564775512,0.9995742360134678,0.10268267199251127,5.0,31.0,0.0,-1424.9219261472595,-0.21303359634557004,1.0177643036650723,0.14127845797350982
758,1423.1468298099508,0.8985890425748848,0.13406260232242445,5.0,31.0,0.0,-1422.3762209501622,-0.16234387295819466,1.0024200585935361,0.15377705981595474
759,1425.3145398312774,0.8506135761403238,0.11295602182469806,2.0,3.0,0.0,-1424.885824954421,-0.21200436875460568,1.014545475109245,0.1406575664879667
760,1425.271136091006,1.0,0.09999569550055215,2.0,3.0,0.0,-1424.098020186185,-0.25762405241412034,1.0303196768903191,0.1424065984104121
761,1426.237320477277,0.8810061554796218,0.10268267199251127,5.0,31.0,0.0,-1424.713422608124,-0.23255106391543973,1.020534241512939,0.14547983931870115
762,1425.7770223251594,0.9996389449451831,0.13406260232242445,5.0,31.0,0.0,-1421.0441836124144,-0.21891368040525885,1.0181655401701875,0.1511724283578128
763,1425.8405084835424,0.9874309124296048,0.11295602182469806,5.0,31.0,0.0,-1423.9159756837762,-0.18013312049871802,1.0091008094453362,0.14517652654015248
764,1426.155743841317,0.9508799786361098,0.09999569550055215,5.0,63.0,0.0,-1423.4826112524136,-0.2042740912317997,1.0145308398678183,0.14057269067608494
765,1426.0181206295085,0.9982670935877547,0.10268267199251127,5.0,35.0,0.0,-1424.668781686874,-0.18784659108904644,1.0086002428088792,0.1498848537862457
766,1427.1937548214757,0.9910291254348135,0.13406260232242445,3.0,15.0,0.0,-1425.0590401084035,-0.2099766756425212,1.015839561945805,0.1471482455352661
767,1425.9525825484602,0.991746253013592,0.11295602182469806,4.0,19.0,0.0,-1425.0400530126215,-0.1645578235006701,1.0037176473717144,0.14557315058964193
768,1426.4241311077658,0.9739563564692866,0.09999569550055215,5.0,31.0,0.0,-1425.388106939622,-0.18425222462410062,1.0073159531204654,0.14301482880442243
769,1425.8123053190152,0.9772088190461825,0.10268267199251127,5.0,31.0,0.0,-1425.48236944132,-0.2265380776530158,1.0213488181369716,0.14058112367192763
770,1423.8779992297814,0.9905679557073089,0.13406260232242445,4.0,19.0,0.0,-1423.3241623814538,-0.21070816303307718,1.015751378272587,0.15431714915284336
771,1426.4398060132385,0.9685479459203561,0.11295602182469806,4.0,19.0,0.0,-1425.1247591150002,-0.17697955425078943,1.0051815956305905,0.14570078731376265
772,1424.0775739865028,0.6782397665439409,0.09999569550055215,4.0,27.0,0.0,-1422.9923431281088,-0.20362140007307705,1.0105138108133378,0.1464944533869486
773,1426.042764819791,0.9937455492599717,0.10268267199251127,5.0,63.0,0.0,-1424.4542618447283,-0.24001833061714858,1.0235166186800855,0.14207695792251254
774,1424.6919567894272,0.93647623323439,0.13406260232242445,3.0,7.0,0.0,-1423.4959477740992,-0.21208535123761624,1.0171610320548865,0.15288274986636832
775,1425.3130006223053,0.9977822913541535,0.11295602182469806,5.0,39.0,0.0,-1422.8982470545316,-0.2648636988741103,1.0324167040233232,0.1456992436462597
776,1424.952168639782,0.7614064855935702,0.09999569550055215,2.0,3.0,0.0,-1420.3281462773045,-0.18617980950234028,1.0116366858530703,0.14645471967956117
777,1426.250279380402,0.9594776604620591,0.10268267199251127,3.0,11.0,0.0,-1425.5076089068762,-0.23632322776746847,1.0243783384788971,0.14279631783322091
778,1424.6971195107521,0.7249044453818076,0.13406260232242445,5.0,31.0,0.0,-1421.6048517137021,-0.24830839513443945,1.0278133289228386,0.14015499142043153
779,1427.1365426952298,0.9981297880659687,0.11295602182469806,5.0,47.0,0.0,-1424.4024036411683,-0.20579671882540382,1.0141876228014985,0.14727739939381027
780,1427.073727938192,0.9011951751525977,0.09999569550055215,2.0,3.0,0.0,-1424.137660704211,-0.18753160595804408,1.0093909778551249,0.1459917405277005
781,1426.9141147009248,0.9948516841226691,0.10268267199251127,3.0,15.0,0.0,-1425.0857389583307,-0.22207482822135247,1.0202557939511128,0.14461133182269825
782,1425.2882029680197,0.7724847200232295,0.13406260232242445,2.0,7.0,0.0,-1423.2554795441706,-0.24501676529404084,1.0267266806431887,0.14084088220036214
783,1427.2850341918725,0.9977357701550164,0.11295602182469806,4.0,15.0,0.0,-1427.06739741797,-0.20449969987618621,1.0138876081801897,0.1461864102939381
784,1425.8320076112484,0.8382052811776063,0.09999569550055215,4.0,31.0,0.0,-1425.0707552453368,-0.17339124759922828,1.0068540053837949,0.14683586566184217
785,1424.335786200232,0.8616468457083226,0.10268267199251127,4.0,19.0,0.0,-1423.4524924383304,-0.25795280421024885,1.0271905051039476,0.14401632419942959
786,1425.5265635405817,0.9904226048775289,0.13406260232242445,5.0,31.0,0.0,-1424.4619502808632,-0.23043845946495814,1.021099287328671,0.1399453181402541
787,1427.1023815743024,0.9517983363321004,0.11295602182469806,2.0,3.0,0.0,-1426.919158818482,-0.20447813155684819,1.0133201032640773,0.14628643939088615
788,1423.9736970237147,0.8537047836299873,0.09999569550055215,3.0,11.0,0.0,-1423.4152836197695,-0.17015174375434056,1.0013760782933911,0.14738748909145363
789,1425.4179175246834,0.8970917499703451,0.10268267199251127,3.0,11.0,0.0,-1422.5215940994794,-0.26558431915239983,1.0315029943394771,0.1442780239821592
790,1427.282854754096,1.0,0.13406260232242445,4.0,15.0,0.0,-1425.4939438215686,-0.21359258194666764,1.0169038748660901,0.14429625465570348
791,1426.8248959274001,0.9732516966218647,0.11295602182469806,4.0,27.0,0.0,-1424.1477703401538,-0.22866113739703767,1.0213851871252775,0.14781542311233142
792,1425.0767687557927,1.0,0.09999569550055215,1.0,1.0,0.0,-1424.0554481769695,-0.16980013624667362,1.0020745309659487,0.14731671348294578
793,1426.2206617271781,0.9005369650624738,0.10268267199251127,5.0,31.0,0.0,-1424.3462254423514,-0.23990148393154134,1.023190794748051,0.14763201456562292
794,1427.2916710417408,0.985652153866266,0.13406260232242445,4.0,31.0,0.0,-1426.700329036657,-0.21666863979404485,1.0173752333371369,0.1455271426499835
795,1426.2545387954985,0.9832262656079287,0.11295602182469806,4.0,31.0,0.0,-1425.0794015366341,-0.21236638088490153,1.016396519394714,0.1406545071556291
796,1420.6031747274055,0.8775889314322574,0.09999569550055215,5.0,31.0,0.0,-1418.966348507064,-0.2321205185734643,1.0248677870132963,0.13664705713251482
797,1426.1181853813257,0.9559918339357257,0.10268267199251127,5.0,31.0,0.0,-1425.1628752998215,-0.19652449375506856,1.0137261952155026,0.1475108217772631
798,1423.893265213689,0.8981723824925724,0.13406260232242445,4.0,23.0,0.0,-1423.1500171904572,-0.22459424281369408,1.0204143028024413,0.1374420688950545
799,1427.0145288416197,0.9999658945799373,0.11295602182469806,4.0,31.0,0.0,-1425.9433916496846,-0.19431476016112792,1.0112120692655366,0.1432203255888333
800,1426.9604164465363,0.9762574452663136,0.09999569550055215,4.0,19.0,0.0,-1420.5337292693362,-0.20708166208637324,1.0137455593832252,0.14490012154017162
801,1427.0576783266893,0.9869560896399727,0.10268267199251127,4.0,31.0,0.0,-1425.9454984668992,-0.19634678470305672,1.0112387142076444,0.1468808910781219
802,1425.4204857562133,0.9963102347606791,0.13406260232242445,4.0,15.0,0.0,-1423.7528168274584,-0.2212071499051083,1.018404852816849,0.13946145601151552
803,1425.762306735576,0.9114256732959626,0.11295602182469806,3.0,15.0,0.0,-1424.8671967336925,-0.18576488822563,1.0095881334099923,0.14067802035333737
804,1425.0695841942222,0.8152041261664661,0.09999569550055215,2.0,3.0,0.0,-1424.8553587819047,-0.19825898502601966,1.0151682800750848,0.14478072667389752
805,1427.144247024288,0.999970555400237,0.10268267199251127,5.0,31.0,0.0,-1426.8734690423835,-0.21259400430362616,1.0169292574489468,0.14360215817753957
806,1426.6017240617346,0.988020203584657,0.13406260232242445,4.0,15.0,0.0,-1424.9067450188898,-0.22860365687225306,1.0212081621004994,0.1421015423676769
807,1426.6033545799542,0.9236129370045187,0.11295602182469806,4.0,15.0,0.0,-1424.4385612610024,-0.2041329630793594,1.0155291442570968,0.1437588871692706
808,1427.2805040972173,0.9707332173947255,0.09999569550055215,2.0,3.0,0.0,-1424.8721146298476,-0.2052272289576676,1.0138977704337087,0.145292831519175
809,1426.9408769186311,0.9752995332800725,0.10268267199251127,4.0,31.0,0.0,-1425.387241454592,-0.21975910125206216,1.019582778439803,0.14628937490306185
810,1426.6509033291898,0.9185398454130644,0.13406260232242445,5.0,47.0,0.0,-1424.926174649269,-0.17949997105799004,1.007018661044178,0.1432998300889958
811,1426.7087867429946,0.9996449277897458,0.11295602182469806,3.0,15.0,0.0,-1425.571715960852,-0.2085246547808622,1.0138075872752519,0.14541247153666256
812,1427.279288669922,0.9957930897595098,0.09999569550055215,4.0,23.0,0.0,-1427.1695258303453,-0.21479836819089185,1.016702643551392,0.145111889204237
813,1426.4564900833407,0.9720763056883444,0.10268267199251127,4.0,23.0,0.0,-1425.9472225181214,-0.23232379807306602,1.02071479886039,0.1456231481763826
814,1426.5454510584395,0.887708349100219,0.13406260232242445,5.0,31.0,0.0,-1424.7051309514259,-0.20673196739148247,1.0136557403171516,0.14240670507314815
815,1427.34842620086,0.9923325068952159,0.11295602182469806,4.0,23.0,0.0,-1426.4476790182355,-0.2079887425573195,1.0151071733970576,0.1455248674047158
816,1426.8379420373587,0.9680620273186069,0.09999569550055215,4.0,31.0,0.0,-1426.232492447993,-0.1808899380093937,1.0074769631465283,0.14660415019553918
817,1424.9759641270202,0.8830161668094556,0.10268267199251127,2.0,3.0,0.0,-1424.7832089646975,-0.2244993037757486,1.0227258132544739,0.1459720283438734
818,1425.8840623722517,0.8878315446611351,0.13406260232242445,4.0,31.0,0.0,-1425.071708227485,-0.21871036702545113,1.0163603027483048,0.14255567873170633
819,1426.8672977326928,0.7584337019643423,0.11295602182469806,3.0,15.0,0.0,-1424.7943198597354,-0.1936080967172367,1.010309843835067,0.147461891171405
820,1427.002806019145,0.9702415013461988,0.09999569550055215,5.0,31.0,0.0,-1426.4543626423376,-0.20712686806210423,1.0140005668761116,0.1468966601861996
821,1424.9251077092954,0.9751668838676681,0.10268267199251127,4.0,27.0,0.0,-1421.9840412527747,-0.22163121207389555,1.0206507281553634,0.15153730439626992
822,1426.6655105373327,0.8669170997099221,0.13406260232242445,2.0,7.0,0.0,-1424.5880310520615,-0.2160515679651872,1.017446150369555,0.1416837370738988
823,1426.481857116708,0.9384997172946651,0.11295602182469806,4.0,31.0,0.0,-1425.5722468985011,-0.21663494742394424,1.0160926034455942,0.14726181400317614
824,1427.0669715676404,0.9762807505793221,0.09999569550055215,5.0,31.0,0.0,-1426.0142098198037,-0.1919180188016762,1.0098965250170637,0.1452599750478853
825,1425.4764325865435,1.0,0.10268267199251127,2.0,3.0,0.0,-1425.0301617658133,-0.22463453595972885,1.019474901938506,0.15150447182074217
826,1425.6039738273694,0.9301582784125588,0.13406260232242445,5.0,31.0,0.0,-1425.1695900806294,-0.2343744494704523,1.0218401005099829,0.14061909768476924
827,1425.6835126040494,0.9990711484257164,0.11295602182469806,3.0,15.0,0.0,-1423.1213295289238,-0.20774078226059423,1.0167128645389918,0.14999446984458342
828,1426.5258624069343,0.9812225522861,0.09999569550055215,5.0,31.0,0.0,-1426.3321059410566,-0.19901113841708237,1.0117263081808774,0.1488769709478192
829,1425.7872945353067,0.993609137530456,0.10268267199251127,3.0,15.0,0.0,-1424.5433990941165,-0.2223820689131296,1.0195041337009663,0.15105089980574324
830,1423.1445545572508,0.9825968618688742,0.13406260232242445,4.0,15.0,0.0,-1421.2000674287092,-0.19291883823875636,1.0110080271498045,0.1365534169051237
831,1426.4219758049865,0.997761523536048,0.11295602182469806,5.0,31.0,0.0,-1425.6272589678363,-0.19292087010610406,1.0101155814274956,0.14177004457515957
832,1425.4818245437928,0.9688135599239841,0.09999569550055215,4.0,31.0,0.0,-1424.8729535358373,-0.208446650943643,1.0139460249597687,0.15092453551291787
833,1425.2040103733898,0.9189182899964835,0.10268267199251127,5.0,31.0,0.0,-1423.8388081870764,-0.25102145609309034,1.029083192356643,0.14867331828926103
834,1422.9055547618761,0.7585069458859675,0.13406260232242445,4.0,15.0,0.0,-1420.5187229427545,-0.1909532111605777,1.0124125865284639,0.13792080782982954
835,1426.1363903512636,0.9469526235696913,0.11295602182469806,2.0,7.0,0.0,-1425.274915770361,-0.1894239452050485,1.0093234851788464,0.14104792325270715
836,1426.6893496520102,0.998094062026728,0.09999569550055215,5.0,31.0,0.0,-1425.0717155933805,-0.19413398984868213,1.0098351413618731,0.14612030664666617
837,1425.4275452259637,0.9924443910294674,0.10268267199251127,2.0,7.0,0.0,-1425.0322849940953,-0.2537080271244974,1.0271245104586901,0.1484896474671241
838,1419.6282436903664,0.6921973900017071,0.13406260232242445,5.0,43.0,0.0,-1418.3407267892587,-0.18451245359130578,1.012269341028761,0.13799609071239136
839,1425.7910635875464,0.7670198409690887,0.11295602182469806,2.0,7.0,0.0,-1424.4838240984259,-0.19415493522447277,1.009628670750268,0.14155258594956857
840,1426.799952398061,0.972480045860208,0.09999569550055215,5.0,35.0,0.0,-1425.6680501067003,-0.22865738317963985,1.020511829538639,0.1476012985452324
841,1424.0522275509502,0.851578770379565,0.10268267199251127,5.0,31.0,0.0,-1421.9265372148948,-0.2781712862344647,1.0355383436107588,0.14240435217649233
842,1421.872703307808,1.0,0.13406260232242445,2.0,3.0,0.0,-1420.1833742267859,-0.19300563585394834,1.0080187647856758,0.1379678460533672
843,1425.6114700474318,0.9998857140615863,0.11295602182469806,5.0,31.0,0.0,-1425.098809104446,-0.2060361825862987,1.0132507875629233,0.1506313482401089
844,1426.3669304219864,0.9206824886006022,0.09999569550055215,5.0,31.0,0.0,-1425.354744707072,-0.19513839573336741,1.0128847720950813,0.14808771048253286
845,1423.935563763912,0.9172470538831641,0.10268267199251127,2.0,7.0,0.0,-1423.3913099026147,-0.27720642631732095,1.0340385732001065,0.14262788521074027
846,1422.0792213568025,0.985618114100805,0.13406260232242445,5.0,31.0,0.0,-1419.9743652212508,-0.16130703072455144,0.9987613189396987,0.15162198236371788
847,1427.0149849676611,0.935830987946972,0.11295602182469806,4.0,25.0,0.0,-1422.545744245416,-0.20736134006160123,1.0140487385962427,0.14673638460954022
848,1426.003626481506,0.9914418817221017,0.09999569550055215,3.0,11.0,0.0,-1425.6409255609547,-0.19796301881071277,1.0107874596708843,0.14920682514954775
849,1423.4038682259659,0.9545980960306879,0.10268267199251127,2.0,7.0,0.0,-1422.7555255138132,-0.2763858962741601,1.0362738214323923,0.14194657074714348
850,1423.2898328309243,0.9905850322983625,0.13406260232242445,2.0,7.0,0.0,-1421.6578512657306,-0.15733002042633487,1.0030241941723332,0.1504120098004628
851,1426.8773832608063,0.9033693033363276,0.11295602182469806,2.0,3.0,0.0,-1426.056336363069,-0.20632632284631175,1.013604787439267,0.14711047322557713
852,1424.6241325662784,0.9483870803023601,0.09999569550055215,4.0,15.0,0.0,-1424.507364945075,-0.17907641850653805,1.0089294023550806,0.15039746328718992
853,1426.4836085454724,0.999250955524388,0.10268267199251127,4.0,31.0,0.0,-1422.6414053364208,-0.2445145804076042,1.0256532409846022,0.14373650236521712
854,1423.7807600917126,0.9954548056834851,0.13406260232242445,5.0,31.0,0.0,-1420.6620097302164,-0.26980794094962085,1.0347155229915979,0.14247899053858215
855,1426.6596718504102,0.9667902486486042,0.11295602182469806,4.0,23.0,0.0,-1425.8421956221773,-0.22577092578599958,1.018915052094913,0.14593733132829761
856,1425.7070008372993,1.0,0.09999569550055215,2.0,3.0,0.0,-1424.6706301769468,-0.1812396582935506,1.0068963869864003,0.15039188133680123
857,1425.0761207022395,0.9461932157874677,0.10268267199251127,4.0,31.0,0.0,-1423.9064505722222,-0.26758339827834005,1.0333044307500663,0.14560610478514746
858,1422.6976980942807,0.9490033441182207,0.13406260232242445,2.0,5.0,0.0,-1422.2524214945047,-0.27915418035420936,1.0337176271401707,0.14169688044475487
859,1426.9653799477635,0.7829377130968048,0.11295602182469806,2.0,7.0,0.0,-1424.6118436669005,-0.21600405896654087,1.0185183375961002,0.14636540836041026
860,1425.383227725312,0.7816405234277369,0.09999569550055215,2.0,7.0,0.0,-1423.7677853862683,-0.17349933966739353,1.005758330893529,0.15061210965708388
861,1422.307089727799,0.8320815217615584,0.10268267199251127,3.0,15.0,0.0,-1420.2815961153776,-0.2927345420903506,1.0382991316650851,0.1423320375454567
862,1423.845346532877,1.0,0.13406260232242445,2.0,3.0,0.0,-1422.935718675892,-0.27740401952153837,1.0349017495026513,0.14165572742235633
863,1426.637391756514,0.9859828930507027,0.11295602182469806,4.0,31.0,0.0,-1426.1513169611992,-0.2395171274633291,1.0236262350211296,0.14670761731719803
864,1425.7364724949357,0.8782554923022163,0.09999569550055215,5.0,31.0,0.0,-1421.556969236045,-0.22688538333428143,1.0194725339261117,0.14075313308159873
865,1422.1426621972605,0.9994510950041494,0.10268267199251127,4.0,15.0,0.0,-1421.6450679359507,-0.2912717228752856,1.0400725081048265,0.14132456800859203
866,1424.3594523782667,0.9959494552534949,0.13406260232242445,3.0,7.0,0.0,-1423.7813768404476,-0.274459992778683,1.034170947000626,0.14238546994563306
867,1426.1990193982544,0.7344096019916901,0.11295602182469806,4.0,31.0,0.0,-1423.8473778738285,-0.20169980149603972,1.011421532953204,0.14667961580627786
868,1425.2075369723125,0.9840696811657308,0.09999569550055215,5.0,31.0,0.0,-1423.641547066776,-0.2581800572420871,1.0307671467252069,0.14834194261441122
869,1426.860551561271,0.8911340574397147,0.10268267199251127,4.0,19.0,0.0,-1420.8106019552479,-0.23179342218719096,1.0211912595680925,0.1457517902498034
870,1426.64402869263,0.954004020067628,0.13406260232242445,5.0,31.0,0.0,-1423.6511751932212,-0.20086608913767326,1.0127386152970563,0.14906364171818753
871,1426.297240745203,0.9987504548543068,0.11295602182469806,6.0,63.0,0.0,-1424.663848263648,-0.1750171565451478,1.0062553853493799,0.14807872739202066
872,1426.117435720129,0.9936827115451045,0.09999569550055215,4.0,19.0,0.0,-1424.427190240416,-0.2407162813054981,1.0258345323962057,0.14752104571761776
873,1426.433512903501,0.861929397722682,0.10268267199251127,2.0,3.0,0.0,-1425.6281674847135,-0.23228597565045378,1.0206730450347372,0.14538532418599923
874,1426.0223190918289,0.8425392216437417,0.13406260232242445,2.0,7.0,0.0,-1425.5702080986753,-0.19827245701007837,1.014002958834576,0.14884921171442206
875,1426.294021698298,0.6915848530864571,0.11295602182469806,4.0,27.0,0.0,-1423.0459009245344,-0.1936713880694659,1.0121024345120937,0.14909491778636516
876,1426.7650427022056,0.9990330172634433,0.09999569550055215,4.0,31.0,0.0,-1422.864635183948,-0.17671136331686166,1.006249649105064,0.14546713416398913
877,1426.8235512610302,0.9267111779685514,0.10268267199251127,2.0,3.0,0.0,-1425.5338199154396,-0.22888898491862716,1.0201353234865735,0.14543487549299924
878,1426.7794098782226,0.9531738300352478,0.13406260232242445,2.0,3.0,0.0,-1425.68469406027,-0.19918059372941868,1.0127867843197824,0.14869206843575686
879,1426.4896142087298,0.9514756797485611,0.11295602182469806,2.0,7.0,0.0,-1425.5848347317608,-0.20066625417504508,1.011850036752401,0.14838255372849848
880,1426.2867183857059,0.9723844659690553,0.09999569550055215,4.0,15.0,0.0,-1426.0373897441427,-0.1710567013040305,1.0041591592293693,0.14756543430118987
881,1427.104709295263,0.964579918341421,0.10268267199251127,2.0,7.0,0.0,-1426.4936981326175,-0.22702093798468154,1.0210665780758885,0.14557600323079684
882,1425.8006162253103,0.3848393071517686,0.13406260232242445,2.0,3.0,0.0,-1419.7151946239958,-0.20594140921879137,1.0129684907201812,0.14969259331694768
883,1426.9626480675497,0.9713233302552164,0.11295602182469806,3.0,11.0,0.0,-1426.1904139920566,-0.19966067006092914,1.012428619330587,0.14792320772047468
884,1426.9417300201787,0.8330653672395254,0.09999569550055215,5.0,35.0,0.0,-1425.1129969639082,-0.23460589249422678,1.0227607926960085,0.14461602157468806
885,1426.7798208520724,0.9909522806278738,0.10268267199251127,4.0,19.0,0.0,-1426.554648087488,-0.23503909708229928,1.0237133870580564,0.14511042453382783
886,1426.1691353027488,0.8682599073053302,0.13406260232242445,5.0,31.0,0.0,-1424.1263240388548,-0.17311699510091086,1.0063436903973806,0.14669483408201053
887,1426.6777650101371,0.8691274330785801,0.11295602182469806,5.0,31.0,0.0,-1425.7629839749534,-0.19232445613269064,1.0119634215503135,0.14648411397057118
888,1426.0483683041653,0.9635265935896205,0.09999569550055215,5.0,31.0,0.0,-1425.3976072501116,-0.20928020591347749,1.015523879672768,0.14022891757919265
889,1424.6293684932207,0.8105783384029942,0.10268267199251127,5.0,59.0,0.0,-1423.862462472409,-0.22323756389748073,1.0168678568416232,0.1492734718133682
890,1425.9549838100406,0.9995512771120684,0.13406260232242445,5.0,31.0,0.0,-1425.1216866294917,-0.24975296915071374,1.0283698145243951,0.14487754998678104
891,1427.0553628076846,0.99497132162191,0.11295602182469806,4.0,31.0,0.0,-1425.4142537928633,-0.2270106151365765,1.0201114611580544,0.14618904395726745
892,1424.9611264272141,0.9925990882923095,0.09999569550055215,5.0,31.0,0.0,-1424.2374611014618,-0.23402652226367593,1.0223278961835556,0.13911208609240472
893,1425.400807930956,0.6215355293983132,0.10268267199251127,2.0,7.0,0.0,-1420.2421859786357,-0.212904304406694,1.0187273104963777,0.14929222232259162
894,1426.245475287227,1.0,0.13406260232242445,2.0,3.0,0.0,-1425.99787658085,-0.25013067952422446,1.0278741931459574,0.1447925605246915
895,1426.550264858427,0.8436604179767595,0.11295602182469806,4.0,23.0,0.0,-1422.6737711063292,-0.1960460754146763,1.0104393102193114,0.14321083314260358
896,1425.8029788885945,0.9999887006489746,0.09999569550055215,5.0,63.0,0.0,-1423.385264778777,-0.18692140649473937,1.0089058182604076,0.14034480410831943
897,1426.7629104093362,0.9584727377621468,0.10268267199251127,4.0,27.0,0.0,-1424.653201644304,-0.19995485606349908,1.0136449723258492,0.14820931035906235
898,1425.0399983165994,0.7910268990297306,0.13406260232242445,2.0,3.0,0.0,-1424.9323234446297,-0.2473375770278594,1.0287224075009185,0.14494179404833316
899,1426.1205920639316,0.9383029421104719,0.11295602182469806,4.0,19.0,0.0,-1425.1177525698795,-0.19465533331935717,1.0129013685061736,0.14853191346120684
900,1425.1821105721076,0.7500637118607355,0.09999569550055215,2.0,3.0,0.0,-1423.8234567625404,-0.18338232676388713,1.008953194438084,0.13977163602038198
901,1425.1435166542622,0.9265866890473996,0.10268267199251127,3.0,15.0,0.0,-1423.7780785390692,-0.1956442198545602,1.0100550119515335,0.1510942684222433
902,1424.0887310689316,0.9764332500136456,0.13406260232242445,3.0,11.0,0.0,-1423.4582563691895,-0.264417529673907,1.0296456203028586,0.14198218367607127
903,1427.124626525055,0.9457974014648073,0.11295602182469806,5.0,43.0,0.0,-1425.013978545941,-0.22596234433140747,1.0201679180120402,0.1463943041024137
904,1425.1508847657901,0.9316696241297456,0.09999569550055215,5.0,31.0,0.0,-1423.9759727800458,-0.25342099359437065,1.028161893306783,0.15036508762207695
905,1425.281970664041,1.0,0.10268267199251127,1.0,1.0,0.0,-1425.0729175566023,-0.1952916013948557,1.01009211884343,0.1510209018457436
906,1425.026581944525,0.9988894029782749,0.13406260232242445,4.0,15.0,0.0,-1424.0702191770636,-0.26567471539109605,1.0310454873481456,0.14291896131920154
907,1425.5849944615227,0.7908320858279827,0.11295602182469806,4.0,27.0,0.0,-1423.976076324362,-0.18450327752383752,1.0099315807963005,0.14144512606634482
908,1425.0999052929096,0.8531509657219112,0.09999569550055215,5.0,31.0,0.0,-1423.0740829559616,-0.20934959489785326,1.0166593872031564,0.13923932832212482
909,1426.8043020744428,0.9808643038228514,0.10268267199251127,4.0,19.0,0.0,-1424.782041681333,-0.19867132251332353,1.011438638152971,0.14733147083043793
910,1424.287370448078,0.9914419871320976,0.13406260232242445,4.0,15.0,0.0,-1423.8152977160325,-0.26674360402671793,1.0327202206054509,0.1411090225686661
911,1426.9094503491322,0.8371538240567848,0.11295602182469806,4.0,23.0,0.0,-1422.2868631987862,-0.2328395933075763,1.022675273088347,0.14416321290198267
912,1424.798957346982,0.9994582547953088,0.09999569550055215,5.0,31.0,0.0,-1421.4493404936247,-0.14584745564804194,0.9963882284318282,0.14471327157864228
913,1426.4100227596305,0.7710742753756238,0.10268267199251127,4.0,23.0,0.0,-1424.1592743994736,-0.2009113254309466,1.0145943882878048,0.14801887407939157
914,1426.0237298022803,0.9352979352874722,0.13406260232242445,4.0,31.0,0.0,-1421.6606637426937,-0.25659764466405,1.0292854592174856,0.14605834787120142
915,1426.1530288111258,0.9475300825554267,0.11295602182469806,5.0,47.0,0.0,-1423.9072834000694,-0.16702104206426324,1.0042439210148564,0.14602305869517046
916,1425.4188246601705,0.9874971617131435,0.09999569550055215,5.0,31.0,0.0,-1424.1798745071062,-0.1540707132111065,0.9992756098095938,0.14754672024259427
917,1426.2205207549723,0.7684062190400347,0.10268267199251127,2.0,7.0,0.0,-1424.3537784313087,-0.20714501334367993,1.0132304256231732,0.1480987869225538
918,1426.1507754069069,0.8890159904644253,0.13406260232242445,3.0,15.0,0.0,-1422.4469654467327,-0.2443627084047199,1.0268777164136567,0.1448247625977064
919,1426.6586558888148,0.8627348769876786,0.11295602182469806,3.0,11.0,0.0,-1424.9336223217194,-0.18224709604787942,1.006773516184581,0.14579493832335927
920,1422.9028265009113,0.9020702258234198,0.09999569550055215,4.0,15.0,0.0,-1422.0733973249642,-0.1504495802619718,0.9980525318584759,0.15307430925686252
921,1423.2972062912836,0.9953685084741304,0.10268267199251127,5.0,31.0,0.0,-1422.7186497416576,-0.13127296272348632,0.9918206867693165,0.1441881172849116
922,1425.8199218394766,0.9797205875713417,0.13406260232242445,3.0,11.0,0.0,-1425.3451509724189,-0.25252869395260163,1.0290362814543585,0.14405220833562432
923,1425.7873320605443,0.7718009875962505,0.11295602182469806,4.0,23.0,0.0,-1424.015861741093,-0.2126826365432104,1.0147168851607469,0.14924588265438016
924,1422.6894866675711,0.9970428030232259,0.09999569550055215,2.0,7.0,0.0,-1422.5432915291508,-0.1501072622347295,0.9977923415450141,0.15329156360228371
925,1421.1094705184764,0.7735503559742399,0.10268267199251127,2.0,7.0,0.0,-1420.5971336055547,-0.13251527222773019,0.9904062662377209,0.14393782036336833
926,1425.329079046834,0.9996185752937063,0.13406260232242445,5.0,31.0,0.0,-1424.6151953187455,-0.24387585378046414,1.025300528018534,0.14031363007991063
927,1426.0356581747708,0.9792824996657981,0.11295602182469806,5.0,63.0,0.0,-1424.5859021658985,-0.1669000537030461,1.0041789477166054,0.1437989534070564
928,1425.2597022454722,0.9955329203356658,0.09999569550055215,6.0,63.0,0.0,-1422.1271455538238,-0.2649704527780448,1.0310547464557684,0.143407327956553
929,1422.6199886458705,0.9496768338616915,0.10268267199251127,4.0,19.0,0.0,-1419.3865819085875,-0.1521787848409089,1.0023267019386095,0.14751157718216498
930,1426.5756514422246,0.662614327880283,0.13406260232242445,5.0,31.0,0.0,-1421.9572150872466,-0.19342725574800881,1.0125018266004424,0.1452793148305137
931,1425.9342109155218,0.8691863200869534,0.11295602182469806,3.0,11.0,0.0,-1424.7891507108948,-0.16758208592069773,1.0029076718111016,0.14289442197924887
932,1424.4232690700233,0.8129397933187134,0.09999569550055215,4.0,15.0,0.0,-1422.6763714364288,-0.26013179923085833,1.0294757965557286,0.14045402960375994
933,1426.8042756974528,1.0,0.10268267199251127,4.0,27.0,0.0,-1421.0188660231715,-0.2378388745309202,1.0242075753608504,0.1452865403341408
934,1426.0243711814935,0.9402945912281286,0.13406260232242445,5.0,31.0,0.0,-1425.3539398105315,-0.2410301858613254,1.0262221758307133,0.14463334293904237
935,1423.4165012428805,0.7381624975861925,0.11295602182469806,3.0,11.0,0.0,-1421.720105655307,-0.1451078598876244,0.9952700357706219,0.14212138467696617
936,1423.257093243497,0.921491877115551,0.09999569550055215,3.0,11.0,0.0,-1422.7822916463945,-0.2606471846977552,1.0320963235369618,0.13998968716695548
937,1427.062947818794,0.9691334564357728,0.10268267199251127,5.0,31.0,0.0,-1426.3582009538263,-0.22091403718857305,1.0191140476249103,0.14735627669289647
938,1424.205591177314,0.6888966133778579,0.13406260232242445,2.0,3.0,0.0,-1423.9172062460107,-0.25075834131422553,1.024692851262914,0.14493416892935082
939,1422.986271317179,0.9546629112875961,0.11295602182469806,4.0,15.0,0.0,-1422.3362820138486,-0.140860378862467,0.9973001591868041,0.14087122760490495
940,1421.1138244030058,0.9927347332012626,0.09999569550055215,4.0,15.0,0.0,-1420.645708223471,-0.26284384978601466,1.0328362635781647,0.1374718348799197
941,1427.0443928093966,0.9991345269856278,0.10268267199251127,5.0,31.0,0.0,-1426.7610035472626,-0.22296336410012677,1.0196950811004757,0.14343002299828098
942,1424.8708469974686,1.0,0.13406260232242445,4.0,19.0,0.0,-1422.8975022577877,-0.2283935431975784,1.0238295253275547,0.14463003412944253
943,1426.1341943452692,0.5802579013490915,0.11295602182469806,3.0,11.0,0.0,-1419.1148772516672,-0.16949926569142523,1.0036524340456312,0.1430762725722508
944,1422.337848038409,0.917130597727266,0.09999569550055215,2.0,3.0,0.0,-1420.4163530526787,-0.26195190395270096,1.0309806409246085,0.13750196527779732
945,1426.8642352550587,0.9992799947104795,0.10268267199251127,5.0,31.0,0.0,-1426.465932214641,-0.23708468796025678,1.0233608996233772,0.14608408158978284
946,1424.7240372760662,0.9954168010860891,0.13406260232242445,5.0,31.0,0.0,-1424.0220376531508,-0.20979149145340711,1.018260408912597,0.14164883618859112
947,1425.454807806722,0.9993922920395407,0.11295602182469806,4.0,15.0,0.0,-1425.2908263511263,-0.15695783891639778,1.0004353408318125,0.14280685068111815
948,1427.2733946764438,0.996960405185637,0.09999569550055215,4.0,15.0,0.0,-1421.4537738023114,-0.21903891321865732,1.018532391564705,0.14494570454252312
949,1424.761258123271,0.7508306675440599,0.10268267199251127,3.0,15.0,0.0,-1422.9387687588585,-0.24441203869333855,1.0230488137605973,0.14634816046216448
950,1426.0399055265257,1.0,0.13406260232242445,4.0,27.0,0.0,-1424.1648677564904,-0.18316447128053245,1.0098536699988743,0.14620430374283452
951,1427.1006170281498,0.9355898071223637,0.11295602182469806,4.0,19.0,0.0,-1423.5566014789936,-0.20115407954206585,1.0125127908168199,0.1466824566129907
952,1427.0973363300945,0.9108688897720701,0.09999569550055215,4.0,27.0,0.0,-1426.4236963983608,-0.19610993239482316,1.0125221122537875,0.14540772350793538
953,1424.3930376088965,0.9517894594767171,0.10268267199251127,3.0,15.0,0.0,-1423.4026186315177,-0.23140477374515406,1.0188588472206601,0.1472294463924267
954,1426.7521859076994,0.9999301066348303,0.13406260232242445,5.0,31.0,0.0,-1425.9661903634353,-0.20236155364547245,1.0124355566574148,0.14759044903727467
955,1426.532453060174,0.9310419335017776,0.11295602182469806,4.0,23.0,0.0,-1426.3331751150515,-0.20019324864437174,1.0144912932594132,0.1468566569839506
956,1426.9349298456825,0.9997648819802287,0.09999569550055215,4.0,21.0,0.0,-1426.1215128368792,-0.19171278423072227,1.0096286082689991,0.14447682818239016
957,1426.708045171364,0.9730886982749647,0.10268267199251127,4.0,27.0,0.0,-1423.7685577202926,-0.2216825138961593,1.0177933655082143,0.14418054190273302
958,1424.6626205792243,0.8379425341433407,0.13406260232242445,4.0,31.0,0.0,-1423.515481187187,-0.22469252064319398,1.0180394485894049,0.1400162097462679
959,1426.7236624779355,1.0,0.11295602182469806,1.0,1.0,0.0,-1426.4798751573503,-0.20084662529501052,1.0144399820721504,0.14688556448705117
960,1426.1850743559526,0.8295366524375622,0.09999569550055215,4.0,25.0,0.0,-1424.0496915609247,-0.22562558925036014,1.0220854991166566,0.14636214823442162
961,1425.5776823531264,0.8896525490791303,0.10268267199251127,4.0,27.0,0.0,-1424.6656742576413,-0.20691198999141083,1.012347700657002,0.14591170254911742
962,1423.7529533870643,0.8558264217599301,0.13406260232242445,2.0,3.0,0.0,-1423.4919884185056,-0.22023199415739808,1.0213917821689895,0.14023374828483068
963,1425.9486100041863,0.9581899802835332,0.11295602182469806,5.0,31.0,0.0,-1425.289492270499,-0.1768126035568771,1.0050425032824488,0.148535783663979
964,1426.4153285433497,0.9997111794891093,0.09999569550055215,3.0,15.0,0.0,-1425.8051416156168,-0.2114231932348523,1.0179592043651255,0.14606053791808138
965,1426.4009109236647,0.9958001593472272,0.10268267199251127,4.0,19.0,0.0,-1424.6065098677307,-0.17699329930598642,1.007319607588648,0.14667714048304664
966,1423.5754239081136,0.959264003947502,0.13406260232242445,5.0,31.0,0.0,-1420.986733187391,-0.15032047912651436,0.9993470216792784,0.15181945531067426
967,1426.7659137828605,0.9887791879400365,0.11295602182469806,6.0,63.0,0.0,-1425.518696939496,-0.20316121678060153,1.0124516452710834,0.14663160556997618
968,1425.6831106728548,0.9830289066171248,0.09999569550055215,4.0,31.0,0.0,-1424.6097858188266,-0.19496211428832397,1.0093520174362811,0.14283790096490234
969,1424.751853232165,0.9396865515738743,0.10268267199251127,5.0,31.0,0.0,-1424.0079274170855,-0.24843338741809523,1.0251661927916784,0.1411146904564923
970,1422.308545316496,0.7497423195988543,0.13406260232242445,1.0,3.0,0.0,-1422.1215357694207,-0.14806511502502984,1.0002773407220986,0.15161865291861273
971,1423.963327872927,0.6270200005393839,0.11295602182469806,4.0,19.0,0.0,-1419.8980503502407,-0.22686854626406253,1.0223705477400116,0.15276020405229576
972,1427.1074321365222,1.0,0.09999569550055215,3.0,15.0,0.0,-1424.5404794741721,-0.19292433748952717,1.0114448429468006,0.14523923823402668
973,1426.0960888869506,0.9916658556398803,0.10268267199251127,5.0,31.0,0.0,-1424.1745771533201,-0.22955011553798849,1.022609785627329,0.14895378951462543
974,1424.006184072564,1.0,0.13406260232242445,2.0,3.0,0.0,-1422.4249618622325,-0.1574172169733556,0.9994039792452765,0.15123656432661606
975,1427.0914880901812,0.9995340209005256,0.11295602182469806,5.0,31.0,0.0,-1423.2051882968226,-0.19960702958796914,1.0132393908740196,0.14713186501992917
976,1427.175220384588,0.9999902629757228,0.09999569550055215,5.0,63.0,0.0,-1426.7724746969338,-0.21684486119325289,1.0183492154629878,0.1446410127878278
977,1426.8290400412047,0.9647298369759838,0.10268267199251127,4.0,23.0,0.0,-1424.8207975020027,-0.23051072353777355,1.0207553089736245,0.14629914064130037
978,1424.609687525016,0.9191230046036939,0.13406260232242445,5.0,31.0,0.0,-1422.4314999031521,-0.24727456734780334,1.027761966573457,0.14022908881535837
979,1426.8230912499212,0.9990255604099609,0.11295602182469806,4.0,15.0,0.0,-1426.7504025920978,-0.1927985987048928,1.0104319416465313,0.14808716407326977
980,1426.1093162158384,0.9030625683428672,0.09999569550055215,4.0,19.0,0.0,-1425.3190412178926,-0.17464331016748005,1.007037665187401,0.14537075154619253
981,1426.217938018611,1.0,0.10268267199251127,3.0,15.0,0.0,-1425.7086794683812,-0.24575531247833587,1.0252092219627644,0.1474163842758949
982,1425.0703031977002,0.8732780486796965,0.13406260232242445,5.0,31.0,0.0,-1423.7448015410678,-0.2510270084331396,1.0280288855180866,0.1406074752207254
983,1427.2094454615285,0.9999893553037402,0.11295602182469806,4.0,15.0,0.0,-1426.6245681251037,-0.20142006232030502,1.012934836464993,0.14662274029690678
984,1424.786377481758,0.9992199925755342,0.09999569550055215,5.0,31.0,0.0,-1423.7921098616218,-0.26341133362106944,1.0297085911512707,0.14297782033826395
985,1426.207103853173,0.9350143156022309,0.10268267199251127,5.0,31.0,0.0,-1423.84633928938,-0.22469492001773067,1.0215409909676683,0.14296829845589937
986,1424.116476362761,0.7109132017233482,0.13406260232242445,2.0,7.0,0.0,-1422.9568432634728,-0.25015056705392874,1.0288404522574273,0.13999846508762076
987,1427.2639340086773,0.9655698931381163,0.11295602182469806,5.0,31.0,0.0,-1426.7529724070446,-0.20760161945542652,1.0155828534741556,0.14577803765516806
988,1425.7924342777976,1.0,0.09999569550055215,4.0,15.0,0.0,-1424.8473583494283,-0.2570164650074194,1.0297999419350843,0.14382139745192668
989,1426.7419678487533,0.9464230011958851,0.10268267199251127,2.0,3.0,0.0,-1425.5702336035768,-0.22353785637299903,1.0204069817094334,0.14282437824291494
990,1424.9977384140225,0.9518039346281904,0.13406260232242445,5.0,31.0,0.0,-1423.0119130942107,-0.24226392979069808,1.0263636166376409,0.15066681837098833
991,1426.3023180602943,0.547112513189902,0.11295602182469806,3.0,15.0,0.0,-1419.8609026359538,-0.17762435469636628,1.0053950973997159,0.14351593386869596
992,1426.1042343712209,0.8759634411225724,0.09999569550055215,4.0,19.0,0.0,-1424.5465842351616,-0.2235086340028043,1.021576425775123,0.14447730428227504
993,1426.5969616040552,0.7981076840188448,0.10268267199251127,5.0,31.0,0.0,-1424.074081238515,-0.17535322839589418,1.0061588879017274,0.1467596714665212
994,1424.8248182475122,0.7974129938598122,0.13406260232242445,2.0,3.0,0.0,-1423.2125242417083,-0.24210367101811545,1.0232256233068069,0.15039791114768736
995,1426.2049371848234,0.6221902774767823,0.11295602182469806,5.0,63.0,0.0,-1420.8669066367772,-0.23392768833479044,1.0224309855896214,0.14141808279883253
996,1427.1190811214115,0.9955918853106253,0.09999569550055215,4.0,31.0,0.0,-1424.7806064111085,-0.21935997542787836,1.0178092237360215,0.14422729338247817
997,1427.270681348207,0.9995440041933291,0.10268267199251127,5.0,47.0,0.0,-1426.5017463798263,-0.21271995046645845,1.0170242934334666,0.14513137572270074
998,1425.7702194462076,1.0,0.13406260232242445,2.0,3.0,0.0,-1424.9324735648092,-0.23943958756511463,1.0239078887144069,0.15018149452887347
999,1426.2516260509835,0.9513318983799769,0.11295602182469806,3.0,15.0,0.0,-1425.4202754783828,-0.23013050294577447,1.0226017665397522,0.14218325531672557
1000,1425.9734997515893,0.8555932656736568,0.09999569550055215,2.0,3.0,0.0,-1425.7978956414063,-0.21382370926411665,1.0189642285191745,0.14406532340291936
1001,1426.6008429152348,0.886635818732431,0.10268267199251127,4.0,23.0,0.0,-1424.3085918797165,-0.21554342614859975,1.0188286244951767,0.14398683781753507
1002,1426.9472145536333,0.9794301069334603,0.13406260232242445,4.0,31.0,0.0,-1425.2528862253123,-0.22381294185146408,1.0198140034766825,0.14777300211983166
1003,1426.7099838361635,0.9728201502657243,0.11295602182469806,3.0,15.0,0.0,-1424.7624653182522,-0.219009192109523,1.0197640848454101,0.14513120811316066
1004,1426.5442041036636,0.8726942034799028,0.09999569550055215,3.0,11.0,0.0,-1424.403724794454,-0.2197633805508711,1.016926161162118,0.14520134554213704
1005,1426.2966381042588,0.8593662861632748,0.10268267199251127,3.0,15.0,0.0,-1424.6261843483985,-0.22609309184022316,1.0187777957623834,0.14351975004663728
1006,1424.7054701031147,0.8410340564261859,0.13406260232242445,4.0,15.0,0.0,-1423.8478021741857,-0.21189073830168786,1.0157274579777376,0.15300517048498385
1007,1426.4134151046312,0.9408601136114834,0.11295602182469806,4.0,23.0,0.0,-1424.9902125631845,-0.19612318780471777,1.0134972772900985,0.14576466418506442
1008,1426.1325087339067,1.0,0.09999569550055215,4.0,23.0,0.0,-1425.1653873305206,-0.17855698620633684,1.0052265446846493,0.14671980565160422
1009,1427.1160886406756,0.9987444469939558,0.10268267199251127,3.0,11.0,0.0,-1426.3448885371001,-0.2206864488791974,1.0181297686117734,0.14464112142662067
1010,1425.954783613647,0.9959601136982502,0.13406260232242445,4.0,15.0,0.0,-1424.546762069274,-0.21437794458115678,1.0172208122584174,0.15087052476426502
1011,1425.8843196738098,0.865345992305877,0.11295602182469806,1.0,1.0,0.0,-1425.7214027905065,-0.19576597714032712,1.013871488184379,0.14572858255710017
1012,1426.3530141424915,0.8781464573339808,0.09999569550055215,3.0,15.0,0.0,-1424.3883718346342,-0.19190629667642434,1.0089265695907084,0.14687831375184243
1013,1426.5874459901006,0.9381773940331053,0.10268267199251127,4.0,31.0,0.0,-1425.091921515414,-0.1962185662346929,1.010414471172359,0.14717153865291982
1014,1426.1587302473185,0.9581670799694767,0.13406260232242445,4.0,31.0,0.0,-1424.189073217546,-0.17268167926109249,1.0060171812356724,0.14745963303374662
1015,1426.4304532595952,0.9984304949999514,0.11295602182469806,3.0,15.0,0.0,-1425.4414474658463,-0.20406466609490775,1.0122883967878764,0.14644686024683312
1016,1426.2391514169503,0.9973507795671492,0.09999569550055215,5.0,63.0,0.0,-1425.1609838951456,-0.23203332007907262,1.0205535453212986,0.14733479592632043
1017,1425.7133261573726,0.999283081929636,0.10268267199251127,5.0,31.0,0.0,-1425.2208490887683,-0.255406411183542,1.0276153224560165,0.14626257213036714
1018,1425.9385708802188,0.9783500024662428,0.13406260232242445,5.0,35.0,0.0,-1425.5198442215399,-0.2505639748364333,1.0283760606988015,0.14381251981850732
1019,1426.2926846301316,0.9794029626128313,0.11295602182469806,4.0,31.0,0.0,-1425.4413853082515,-0.22022074792783075,1.0171173234906714,0.14799854347913272
1020,1426.83406579213,0.9999135339523261,0.09999569550055215,3.0,15.0,0.0,-1425.2749888137082,-0.22321939425229526,1.020636016605612,0.14651540743394167
1021,1425.6394448530339,0.8409940571793494,0.10268267199251127,2.0,7.0,0.0,-1423.996807041907,-0.2565803981486642,1.0302431450974439,0.14656353230842278
1022,1426.1477722467566,0.9990930780433968,0.13406260232242445,3.0,11.0,0.0,-1425.835392228572,-0.24882336503353744,1.026116776581164,0.1438776181978703
1023,1426.7286489895075,0.8759558251798784,0.11295602182469806,2.0,3.0,0.0,-1425.15701966247,-0.21782006550814,1.0169030976890205,0.1476888205700961
1024,1426.7751828577561,0.9801725692913634,0.09999569550055215,4.0,19.0,0.0,-1426.41390095616,-0.2101203090197687,1.0171303547008972,0.14425064912524593
1025,1426.1027443791938,0.9937002897354094,0.10268267199251127,3.0,15.0,0.0,-1424.7358708754482,-0.25043759957493866,1.0264313769637334,0.14621165286925847
1026,1426.6343859622773,0.95468386708241,0.13406260232242445,4.0,31.0,0.0,-1424.0807077295478,-0.2286483123330249,1.019957053678465,0.14377621152315995
1027,1425.9243122915907,0.940405682375337,0.11295602182469806,3.0,11.0,0.0,-1425.6398176916896,-0.21242232407906336,1.018373152624724,0.1483265834966044
1028,1426.3816717787097,0.8400100889897005,0.09999569550055215,3.0,15.0,0.0,-1425.2717246485468,-0.21028382195236686,1.0140559408724341,0.14408293333329228
1029,1421.2896927199283,0.5225590231590712,0.10268267199251127,3.0,15.0,0.0,-1418.4746824645247,-0.2650489116636021,1.02788508695594,0.14959028787669926
1030,1425.2401828584464,0.9995997654333154,0.13406260232242445,5.0,31.0,0.0,-1423.7842876577822,-0.14941749062072635,0.9977533573769666,0.14578458808801462
1031,1425.7117280521704,0.9410882163578921,0.11295602182469806,5.0,31.0,0.0,-1423.9409023713024,-0.1585329274276222,1.000158268258987,0.1450293787623273
1032,1426.496306957136,0.9591824000355844,0.09999569550055215,4.0,27.0,0.0,-1424.9975509610454,-0.23396073988813706,1.021862083266469,0.14809148956921758
1033,1424.75651228664,1.0,0.10268267199251127,2.0,3.0,0.0,-1421.8561392809268,-0.2580435059667827,1.030698545797471,0.1498682026738169
1034,1425.7653266587151,0.9912658323991956,0.13406260232242445,5.0,31.0,0.0,-1423.8104705460025,-0.1917735276872689,1.0109379639582232,0.15091218643880897
1035,1425.2325759895257,0.7868527401279967,0.11295602182469806,5.0,31.0,0.0,-1423.7160603267484,-0.15958460707542516,1.0026675668380813,0.14770546819437008
1036,1425.6543227848426,0.9853299936374598,0.09999569550055215,5.0,31.0,0.0,-1424.1266067778358,-0.24572654801498559,1.0267884880917142,0.14159172988363183
1037,1426.09750681891,0.9802988660466768,0.10268267199251127,5.0,31.0,0.0,-1423.5566728197468,-0.24330470373464635,1.026423649316096,0.1433507336195826
1038,1426.7476059896608,0.9995961287560352,0.13406260232242445,5.0,31.0,0.0,-1425.3777633253,-0.1777139465933543,1.0064426671059534,0.1464797969101681
1039,1427.0785944425597,0.9531939982392234,0.11295602182469806,4.0,23.0,0.0,-1423.735373948276,-0.2037740900382765,1.0130061356737086,0.1450575121925049
1040,1425.60990204749,0.9997738181799906,0.09999569550055215,4.0,15.0,0.0,-1425.272352158167,-0.24798660079662926,1.027215727164281,0.14151509490863276
1041,1426.3384147999366,0.9410379448733074,0.10268267199251127,5.0,31.0,0.0,-1425.1643291597813,-0.23233580165944162,1.0230934141997337,0.14238310771624482
1042,1425.6867613956763,0.9945955927314948,0.13406260232242445,4.0,15.0,0.0,-1425.548707918321,-0.17249123293578938,1.0049002131626186,0.14994274985251177
1043,1426.7674686711762,0.980464170898705,0.11295602182469806,4.0,31.0,0.0,-1424.0079723453384,-0.2365041232135405,1.0227745124483025,0.146458824926369
1044,1426.6283442183355,0.9440913633072271,0.09999569550055215,5.0,31.0,0.0,-1424.1680624870578,-0.17351956038818306,1.00545816434274,0.14506362962809963
1045,1425.652756069785,0.9557385532959748,0.10268267199251127,6.0,63.0,0.0,-1424.8832216299515,-0.1765503579313141,1.0047621136572944,0.14902921693214663
1046,1425.442125511563,0.9782535375923269,0.13406260232242445,3.0,7.0,0.0,-1425.3257341559738,-0.1697889546310018,1.0038925489618689,0.15021765252381417
1047,1425.3978092486577,0.9987956602200643,0.11295602182469806,4.0,23.0,0.0,-1424.512165753533,-0.26041691019789553,1.0307794139415145,0.14291251052300896
1048,1425.555638676247,0.7363114982731443,0.09999569550055215,1.0,3.0,0.0,-1425.1079414481387,-0.17799615723921658,1.004453878858135,0.14512515690747818
1049,1426.128805168387,0.9999007744758329,0.10268267199251127,5.0,31.0,0.0,-1425.2199154271104,-0.16914272406047495,1.0029467565579055,0.14523927226036681
1050,1426.5163383135305,0.926263143232044,0.13406260232242445,4.0,15.0,0.0,-1424.8408736136919,-0.17243550088121115,1.0045678988188327,0.1463429299246572
1051,1423.9560463810012,0.8241108658475419,0.11295602182469806,2.0,3.0,0.0,-1423.562641929958,-0.2668299526291543,1.0301800910282104,0.1425495067363682
1052,1420.5517519540952,0.6436502938301764,0.09999569550055215,2.0,3.0,0.0,-1420.280243145751,-0.18053925062686768,1.0025429159756818,0.14521032172532686
1053,1425.9710964003473,0.6731244400843596,0.10268267199251127,4.0,27.0,0.0,-1420.6276908304226,-0.21255037862463527,1.0186582018151615,0.1464149899629311
1054,1426.4026008495052,0.8493686584743438,0.13406260232242445,2.0,7.0,0.0,-1425.5959223431964,-0.17384286141672303,1.0061347841406363,0.14684646095254714
1055,1423.7519068899887,0.9459714403006839,0.11295602182469806,2.0,3.0,0.0,-1423.2675746612385,-0.2600327331181971,1.0326056059673991,0.1431382416299219
1056,1423.3007658638867,0.9987997128365884,0.09999569550055215,3.0,11.0,0.0,-1419.8612445573851,-0.16059479179978758,1.0046624551704146,0.14477605628168635
1057,1425.0215080717956,0.8339934776760749,0.10268267199251127,4.0,27.0,0.0,-1420.846720858014,-0.16893499257044858,1.0062019922849637,0.1449428064842659
1058,1426.6739046980329,0.9937536237044351,0.13406260232242445,5.0,31.0,0.0,-1424.3149470940289,-0.2198255036652527,1.0192326174020738,0.14221700125136638
1059,1423.4859232949477,0.9867478849400269,0.11295602182469806,5.0,63.0,0.0,-1421.6522549726278,-0.2044997186937879,1.0166736700735353,0.15250992768189894
1060,1424.8662200908705,1.0,0.09999569550055215,2.0,3.0,0.0,-1423.3893510275554,-0.16288720763570547,1.0043522337242803,0.14495453545165393
1061,1426.9060568876216,0.8035138233163155,0.10268267199251127,4.0,19.0,0.0,-1422.4214536942893,-0.20036785868993673,1.0136421591637017,0.14293491130437225
1062,1427.0016445935528,0.9395187027762361,0.13406260232242445,2.0,7.0,0.0,-1426.3312083379979,-0.2192371666291957,1.0183590611495246,0.14290440027967355
1063,1423.846343723947,0.7752120469334557,0.11295602182469806,2.0,3.0,0.0,-1419.820371251593,-0.21457887479191065,1.0147930703636248,0.15238182670664116
1064,1422.9756083570544,0.99495267993044,0.09999569550055215,4.0,31.0,0.0,-1417.5871842642389,-0.2603171297837612,1.0307942173404023,0.13823908122741105
1065,1427.1611719578905,0.9506145070803561,0.10268267199251127,4.0,27.0,0.0,-1426.3237555289036,-0.19868789536298348,1.0118688936432443,0.1446816575320302
1066,1427.0016445935528,0.559112499486293,0.13406260232242445,1.0,3.0,0.0,-1425.020192633716,-0.2192371666291957,1.0183590611495246,0.14290440027967355
1067,1423.2512868795645,0.9997055327449847,0.11295602182469806,4.0,15.0,0.0,-1422.3753162158637,-0.1991527002714321,1.0109816233967495,0.15419603049425812
1068,1422.4484065508386,1.0,0.09999569550055215,2.0,7.0,0.0,-1422.2492004648318,-0.26365477240941315,1.0310044105266154,0.1377321594297315
1069,1427.0864335423262,0.9999985180062465,0.10268267199251127,5.0,63.0,0.0,-1426.9267886388968,-0.22491237166534556,1.0196112312209853,0.14656478749867377
1070,1426.514430438207,0.8732834135016865,0.13406260232242445,4.0,31.0,0.0,-1424.5112388637556,-0.1886094910641808,1.0107790611331355,0.14327607448342208
1071,1425.1567491270973,0.9986121238343183,0.11295602182469806,4.0,15.0,0.0,-1423.0735738168005,-0.1905350849297558,1.0100108991370824,0.1521050666018867
1072,1422.8591643930297,0.6654598465224367,0.09999569550055215,4.0,15.0,0.0,-1419.530024469502,-0.2718718530943301,1.0320470796658865,0.14003218948546117
1073,1425.9715180373717,0.9745886766773332,0.10268267199251127,4.0,31.0,0.0,-1425.4836408592953,-0.20917772088184555,1.0163470328078175,0.15050074046016734
1074,1424.096530785722,0.7377947107551951,0.13406260232242445,2.0,3.0,0.0,-1424.084422560078,-0.18548143977610024,1.0117760714976818,0.14319378691593948
1075,1424.3048014141323,0.9818649300108203,0.11295602182469806,5.0,31.0,0.0,-1423.8909621362654,-0.1760864573677152,1.0066583337456085,0.15273283353382267
1076,1423.5037845330032,0.9846920102658335,0.09999569550055215,1.0,3.0,0.0,-1422.5953432001838,-0.26968665574179596,1.0332518450030788,0.1398459943407456
1077,1427.258050158725,0.9532309446025751,0.10268267199251127,4.0,31.0,0.0,-1425.0065121480009,-0.21991767771387558,1.0186201041887273,0.14602062046180386
1078,1426.32734220878,0.9915554100991462,0.13406260232242445,4.0,23.0,0.0,-1423.7089983818685,-0.19093357725463722,1.0111046011497302,0.1491666840158751
1079,1426.9809136844897,0.9776343444772888,0.11295602182469806,5.0,31.0,0.0,-1423.7226178930453,-0.210036584162708,1.015290188626062,0.14792712201947156
1080,1424.7316013850887,0.9999310964818716,0.09999569550055215,3.0,15.0,0.0,-1423.1448684783813,-0.263796101375159,1.0313707286812492,0.14135523099967892
1081,1425.490130573129,0.6533292508041418,0.10268267199251127,2.0,3.0,0.0,-1424.814536473179,-0.22520826269026073,1.0176456567181726,0.146028056949456
1082,1426.3468270539554,0.9587411532949766,0.13406260232242445,4.0,27.0,0.0,-1425.796268864965,-0.2011210897661435,1.0118210289011107,0.14851196849758938
1083,1427.0532281110638,1.0,0.11295602182469806,3.0,7.0,0.0,-1426.9788187444522,-0.20852533630146144,1.0153643553675409,0.14786977188377856
1084,1425.564003431094,0.9604578529985753,0.09999569550055215,5.0,31.0,0.0,-1423.6785337946344,-0.20869514418920013,1.016122097366241,0.1514193656392892
1085,1426.6603382656513,0.9990521247938815,0.10268267199251127,3.0,11.0,0.0,-1425.2731822546275,-0.2320326243557173,1.021012360079787,0.14664780206695663
1086,1427.138510495791,0.9983516655002881,0.13406260232242445,3.0,15.0,0.0,-1426.040784977345,-0.2002996829708046,1.0135137704288677,0.14670815712172314
1087,1426.5281711984205,0.9669262829825098,0.11295602182469806,5.0,31.0,0.0,-1425.923646457706,-0.22681230753789627,1.020371741024913,0.14906934470837932
1088,1425.4747224728221,0.9849286195030461,0.09999569550055215,3.0,11.0,0.0,-1424.7305993933085,-0.21110177586750706,1.0157253775293011,0.15179995702062352
1089,1427.1337079276461,0.9619612793823429,0.10268267199251127,4.0,27.0,0.0,-1423.9142818228254,-0.20107146909664492,1.0123980687106626,0.1458446785608084
1090,1427.174828529783,0.9015903612251764,0.13406260232242445,4.0,23.0,0.0,-1426.3003763650427,-0.21825113677894054,1.0182651763699966,0.14376238661876095
1091,1425.6288534015748,0.9740211416700936,0.11295602182469806,4.0,15.0,0.0,-1425.4146631789238,-0.24089653013742118,1.0255922089141887,0.14982681162295988
1092,1426.3270895715923,0.8370788165681176,0.09999569550055215,3.0,11.0,0.0,-1423.4557890078092,-0.21007592388373986,1.0160525602519894,0.1500504888939809
1093,1426.1331209226487,0.8773115416970642,0.10268267199251127,3.0,15.0,0.0,-1425.784623217611,-0.19851210084344856,1.0144691743926546,0.1449477519212816
1094,1425.7279705698813,0.8331934803651468,0.13406260232242445,4.0,31.0,0.0,-1424.244363588069,-0.19089210508212925,1.011791484857852,0.1496237394174032
1095,1424.9171493180424,0.9862073745429961,0.11295602182469806,4.0,31.0,0.0,-1420.858090950939,-0.1472815948180468,0.998374167522107,0.14375225961756427
1096,1425.5237710841002,0.9196851814445842,0.09999569550055215,4.0,31.0,0.0,-1424.023408277257,-0.20804821969030696,1.0149423484643951,0.15174039750579943
1097,1426.9485937471184,0.9218552437899096,0.10268267199251127,3.0,15.0,0.0,-1424.9259592502428,-0.21449898427940417,1.0158716056316155,0.14568172838608465
1098,1426.4632272164831,1.0,0.13406260232242445,3.0,11.0,0.0,-1425.1803645662637,-0.19557771295114346,1.0105059388406452,0.1485256744327348
1099,1424.7083289482698,0.9982853236123279,0.11295602182469806,3.0,7.0,0.0,-1424.6139529438803,-0.14576258156831318,0.9979736209190431,0.1433398837160574
1100,1424.4941109203205,0.9985712532949653,0.09999569550055215,5.0,31.0,0.0,-1422.6673592676502,-0.1488810521662746,0.9981683710234809,0.14155904548338222
1101,1426.9830998712607,0.9819708796493857,0.10268267199251127,3.0,15.0,0.0,-1426.5624055544217,-0.21436516808790365,1.0180812775225299,0.14603547047732054
1102,1426.9722894180763,0.9982853540837604,0.13406260232242445,5.0,31.0,0.0,-1426.1367739696434,-0.2167727607089554,1.0186646442640719,0.14663360434071507
1103,1425.8398110123449,0.9926247149424854,0.11295602182469806,5.0,63.0,0.0,-1423.0237977003776,-0.24552504524901503,1.025567075114681,0.1493836561708497
1104,1426.0317942210195,0.9999146070012911,0.09999569550055215,5.0,31.0,0.0,-1422.232838378412,-0.18986505917863208,1.0098177428307922,0.1406403587774576
1105,1426.282548081277,0.8908187115414257,0.10268267199251127,4.0,31.0,0.0,-1424.8919486110547,-0.18874251387533866,1.011361630894349,0.14490182766816087
1106,1425.9224613302456,0.8853005768309902,0.13406260232242445,5.0,63.0,0.0,-1425.3448598349642,-0.18936712997851632,1.011665463220533,0.14789821793805893
1107,1426.4506668478614,0.9925078301631817,0.11295602182469806,4.0,15.0,0.0,-1425.70488814206,-0.24220337258612076,1.024686486889707,0.14769209158402472
1108,1427.1458186093319,0.9875628331542983,0.09999569550055215,4.0,31.0,0.0,-1425.7444989747366,-0.1988178014605444,1.0123813674081101,0.1436122492438413
1109,1427.2166098255798,0.9910733945865268,0.10268267199251127,4.0,19.0,0.0,-1425.749127486478,-0.19368086828291464,1.0111085853312083,0.1450209261765369
1110,1426.1540542292785,0.9958976603318586,0.13406260232242445,3.0,15.0,0.0,-1424.8140615784444,-0.2014042244339118,1.0112601284886227,0.1462160567338881
1111,1426.728961490062,0.9789844784479714,0.11295602182469806,5.0,31.0,0.0,-1425.7615069859646,-0.2278144723265693,1.0210773846475134,0.14249043803155367
1112,1426.9127180565154,0.5853111740840208,0.09999569550055215,3.0,15.0,0.0,-1423.2233166100148,-0.19006505019152117,1.0108472856907431,0.14435416984173627
1113,1427.193345270933,0.9973780008766634,0.10268267199251127,5.0,31.0,0.0,-1427.0490879777378,-0.2023268325976524,1.0137440222809675,0.14695957177557803
1114,1425.5131002613914,0.9888806637950812,0.13406260232242445,4.0,23.0,0.0,-1424.2799913217937,-0.19125281572641814,1.0081701806660106,0.14301108573178514
1115,1426.2363759089553,0.9524956377604179,0.11295602182469806,5.0,31.0,0.0,-1425.654289197394,-0.2496144845811931,1.0263600739326109,0.145824572151097
1116,1426.478765674978,0.782237729568862,0.09999569550055215,2.0,7.0,0.0,-1425.2260713446428,-0.1898709584471763,1.0085553592030183,0.14393414858604656
1117,1427.2214625303523,0.9993954283196679,0.10268267199251127,6.0,63.0,0.0,-1427.1790246746957,-0.21499348031335702,1.017450082315148,0.14398395544442716
1118,1426.8692936629109,0.727757518000712,0.13406260232242445,2.0,3.0,0.0,-1424.0880337439223,-0.18725061861139913,1.0087202673860467,0.14361447231996483
1119,1427.2290533361704,0.9939635890371835,0.11295602182469806,4.0,21.0,0.0,-1425.9566680161781,-0.20606179322253848,1.0152342926028175,0.14486364025245133
1120,1425.0474146395925,0.9323431142433177,0.09999569550055215,3.0,15.0,0.0,-1424.3630719897174,-0.1770367162166427,1.0041685845795087,0.14248152831102617
1121,1426.7302830657081,0.9984681985318479,0.10268267199251127,5.0,31.0,0.0,-1426.5902877357169,-0.24115096028287294,1.024905169491508,0.14499951055370283
1122,1426.8116836315535,0.9555869032247609,0.13406260232242445,5.0,31.0,0.0,-1426.2611688156676,-0.17870365332726543,1.0066933569229521,0.1446977846072399
1123,1427.141076027417,0.9993695943926132,0.11295602182469806,5.0,31.0,0.0,-1427.1124640151156,-0.1956228880890965,1.0122308928663302,0.14495371832639126
1124,1427.058181423668,0.9677700670835896,0.09999569550055215,5.0,31.0,0.0,-1424.6528422067486,-0.21135351448738599,1.0155889575838093,0.14327102564664596
1125,1426.890513664272,0.9937875814849859,0.10268267199251127,5.0,31.0,0.0,-1426.3658740148185,-0.23483069013564453,1.0225319015621084,0.14445633964423552
1126,1426.2830925945077,0.9983284685214197,0.13406260232242445,5.0,31.0,0.0,-1425.7253271002626,-0.19195162339695904,1.010430913372618,0.14108647083395023
1127,1425.9472310695228,0.9732367636541931,0.11295602182469806,5.0,31.0,0.0,-1425.3830163235327,-0.24418516596119658,1.0249051875962276,0.1420363319669117
1128,1427.1404624185986,0.9578563638694869,0.09999569550055215,5.0,31.0,0.0,-1426.7012687034614,-0.21992361243349937,1.0192958056855008,0.14523819236562727
1129,1426.4106422374607,0.9971250112169281,0.10268267199251127,5.0,31.0,0.0,-1424.9976629047833,-0.1726024855179998,1.005328733404726,0.1435687945878727
1130,1426.7138139893104,0.9927189710066167,0.13406260232242445,5.0,31.0,0.0,-1425.836289729823,-0.18359794759533948,1.0084329967191785,0.1477447057074686
1131,1426.1125299928494,0.9953831389777515,0.11295602182469806,3.0,11.0,0.0,-1425.313294160779,-0.24228378237398052,1.024331229789472,0.14233805524290966
1132,1426.7094054944876,0.8090811970092303,0.09999569550055215,3.0,11.0,0.0,-1425.2775941303319,-0.22644196619632603,1.0194357508096559,0.14352499731944496
1133,1425.305058344041,0.9994715367653516,0.10268267199251127,4.0,23.0,0.0,-1425.0908890833525,-0.15830366424065376,1.0009446410610556,0.14205236423373943
1134,1424.6585028359675,0.8010747263231514,0.13406260232242445,4.0,31.0,0.0,-1421.1494990448393,-0.24385287730598407,1.0233169447916233,0.14181858481275347
1135,1426.8118036605738,0.9927377715773404,0.11295602182469806,5.0,31.0,0.0,-1425.8569135557075,-0.23594121370692323,1.0233250243149987,0.1469415984439735
1136,1426.12023311394,0.9664603892900979,0.09999569550055215,5.0,31.0,0.0,-1425.9011101036028,-0.209964033770617,1.014139176833654,0.14879913403282524
1137,1427.0229534013959,0.9645295448501159,0.10268267199251127,5.0,31.0,0.0,-1423.036064191263,-0.22441766836394866,1.020287055562001,0.14363382344510464
1138,1426.4638267110224,1.0,0.13406260232242445,3.0,11.0,0.0,-1424.667147446529,-0.22805484896454975,1.0196002576931082,0.14347712343492994
1139,1424.156233921355,0.9920810544545261,0.11295602182469806,4.0,31.0,0.0,-1421.7792576277193,-0.1938792701512129,1.0110268598580225,0.1537826510183104
1140,1425.7441849748307,0.9459429408379183,0.09999569550055215,2.0,7.0,0.0,-1425.1794249640427,-0.20538963876482327,1.0165498975366343,0.14820052528429492
1141,1426.9426397693776,0.9233194816208848,0.10268267199251127,2.0,7.0,0.0,-1426.387352106805,-0.22604693534973308,1.0201414630971348,0.1431901220829727
1142,1426.6981223996074,1.0,0.13406260232242445,1.0,1.0,0.0,-1426.4445279929137,-0.22714715712197586,1.0196416102466206,0.14353335229344896
1143,1423.0791893248977,0.8774845021182388,0.11295602182469806,4.0,15.0,0.0,-1421.790902878945,-0.18852031415286577,1.0112039198317404,0.1542457925421907
1144,1427.0069257606071,0.9363277029584316,0.09999569550055215,3.0,15.0,0.0,-1423.1809536717872,-0.21081384913834134,1.0153005744381003,0.14749352541659813
1145,1425.5624925986488,0.7973160056681623,0.10268267199251127,4.0,31.0,0.0,-1422.2237563848896,-0.2118994111602894,1.0187165266540388,0.14390428315490816
1146,1426.9846209357306,0.9990405290604475,0.13406260232242445,2.0,7.0,0.0,-1426.7115389728754,-0.2228139339038052,1.0200189683524379,0.14357078103548315
1147,1425.477811972791,0.9406443999681081,0.11295602182469806,5.0,31.0,0.0,-1421.624224731968,-0.1656170454124534,1.001993273643345,0.14891158648841002
1148,1424.8045513143509,0.6358493465216886,0.09999569550055215,3.0,11.0,0.0,-1422.8847260419197,-0.2080055007349148,1.0180819817609983,0.14762264645708623
1149,1426.0608502321513,0.8939974945831182,0.10268267199251127,4.0,23.0,0.0,-1422.8925633426886,-0.18421749598785397,1.006521261308923,0.14500882895927503
1150,1426.762771866402,0.9988897730573382,0.13406260232242445,4.0,15.0,0.0,-1426.690553682071,-0.23231714048037005,1.0217599255283882,0.1431984970586278
1151,1426.0375709737502,0.9615360383408612,0.11295602182469806,5.0,31.0,0.0,-1424.3712392290745,-0.17149604319981876,1.0057246459331382,0.14331369484779846
1152,1426.1601805952641,0.9980957460910859,0.09999569550055215,4.0,23.0,0.0,-1423.8719093196862,-0.2120371362899467,1.0152142048575301,0.1496856940148162
1153,1426.0118951650556,0.9724610756355866,0.10268267199251127,6.0,63.0,0.0,-1423.4182032706208,-0.24479314270369576,1.0254214491056963,0.14202207285301074
1154,1427.2574218302673,0.9975816836890063,0.13406260232242445,5.0,31.0,0.0,-1426.482252977844,-0.20423603592489942,1.0136672450290825,0.14451091291551055
1155,1424.2886553967312,0.5558319136500467,0.11295602182469806,2.0,3.0,0.0,-1421.5837417014077,-0.16732139726636297,1.0060797825860894,0.1435796898822294
1156,1426.6390042379596,0.9992291721122138,0.09999569550055215,4.0,15.0,0.0,-1426.0841228314703,-0.20139387142309884,1.014407218342559,0.1480320352620226
1157,1426.7357023978993,1.0,0.10268267199251127,5.0,31.0,0.0,-1425.2116095404322,-0.21392756830961746,1.017315048247929,0.14200312531180803
1158,1426.9512627183606,0.881385647134171,0.13406260232242445,4.0,23.0,0.0,-1426.024143843842,-0.2089637381194952,1.01648104476978,0.14392151708249232
1159,1424.869774260643,0.9947694952500754,0.11295602182469806,2.0,7.0,0.0,-1423.6099345403436,-0.180444181344358,1.0045980171195164,0.144851765664435
1160,1426.679637452885,0.9997783848537632,0.09999569550055215,4.0,15.0,0.0,-1426.4046933414877,-0.20790512685836518,1.0158720553542744,0.14873431307667687
1161,1425.204734089719,0.8304979334130166,0.10268267199251127,2.0,7.0,0.0,-1424.7997435079303,-0.2183568057397225,1.0160134332039248,0.1414347144873436
1162,1427.2116966254553,0.9880658267271641,0.13406260232242445,3.0,11.0,0.0,-1426.6184149750204,-0.20695647937405756,1.0155711705779011,0.14522017457564992
1163,1425.522809794271,0.9828214138964381,0.11295602182469806,4.0,31.0,0.0,-1422.7458685581587,-0.18021154948883975,1.0049921183890314,0.14561392660018002
1164,1426.0381255576767,0.8844798711452778,0.09999569550055215,1.0,3.0,0.0,-1426.0227028319064,-0.20641534548475074,1.0164348337597613,0.14869850583020555
1165,1424.9230026812834,0.999791651114326,0.10268267199251127,5.0,63.0,0.0,-1423.3612473110727,-0.19998383185498872,1.0149977469419276,0.14078122702877896
1166,1427.1097694658176,1.0,0.13406260232242445,4.0,31.0,0.0,-1427.0490102766078,-0.22354822436280383,1.0190778115521577,0.14454976573474831
1167,1426.0474749859504,0.9808921163008805,0.11295602182469806,5.0,39.0,0.0,-1424.4967005830822,-0.23093335756280434,1.0203882577573111,0.14876670597938324
1168,1426.1446118100491,0.9991580856361448,0.09999569550055215,2.0,7.0,0.0,-1425.9309286539976,-0.21022787785517558,1.014068191635314,0.1482325548606949
1169,1425.189889812633,0.7310712033475388,0.10268267199251127,2.0,7.0,0.0,-1421.6456196989882,-0.20685991062778283,1.0127812502530724,0.1410856008950123
1170,1426.2743321154442,0.8926415259454176,0.13406260232242445,4.0,31.0,0.0,-1425.5224922832244,-0.22781828544806682,1.019913698955125,0.14909008780924757
1171,1425.8158153468821,1.0,0.11295602182469806,2.0,7.0,0.0,-1425.7402262047167,-0.227443645956551,1.0222408240037304,0.14941410872495672
1172,1424.790333927414,0.9992801518324905,0.09999569550055215,5.0,39.0,0.0,-1422.3901418695125,-0.1477539577278233,0.998140241420506,0.14868697387852023
1173,1425.4937629953354,0.9696292775775449,0.10268267199251127,5.0,31.0,0.0,-1423.9542091646072,-0.2237184865935734,1.0218067127370556,0.14245181564511664
1174,1426.2861300835934,0.8964364746494081,0.13406260232242445,4.0,31.0,0.0,-1424.3966132328148,-0.19196885655696397,1.0120817617624744,0.14784327348427792
1175,1425.666069259108,0.9662333854866687,0.11295602182469806,2.0,3.0,0.0,-1425.2143340336754,-0.23088577223215317,1.0204330028497397,0.14998514551365294
1176,1426.9656368564788,0.9977490579205112,0.09999569550055215,5.0,31.0,0.0,-1424.6970338691062,-0.18517322868867783,1.0091090721684093,0.1451548780479865
1177,1426.818555400587,1.0,0.10268267199251127,2.0,3.0,0.0,-1425.5226931478285,-0.2277346396206211,1.0207023787451368,0.14278086881804078
1178,1426.347865797171,0.9976229454399119,0.13406260232242445,5.0,31.0,0.0,-1425.8906139937876,-0.1805591643541752,1.005898489489887,0.1455949612808218
1179,1425.1204892825142,0.9409833042117383,0.11295602182469806,5.0,31.0,0.0,-1424.30265139792,-0.23693403446198416,1.021481939196883,0.14186429852087581
1180,1426.5892483299376,0.8550364605774499,0.09999569550055215,5.0,31.0,0.0,-1424.9518753846587,-0.22581613423535543,1.0189022739710096,0.14428485322635873
1181,1427.2001410976075,0.9999811654209713,0.10268267199251127,5.0,63.0,0.0,-1426.123186024488,-0.195682532082216,1.0114712975876161,0.1443542089521637
1182,1425.473385086754,0.9910837064414556,0.13406260232242445,4.0,31.0,0.0,-1424.5129158607235,-0.18666542364430957,1.0102049499726673,0.1404689844364616
1183,1425.6596501110737,1.0,0.11295602182469806,3.0,11.0,0.0,-1424.4575140891811,-0.22535491184951784,1.0222728824720588,0.1431670026984639
1184,1426.4899189696762,0.954822308626845,0.09999569550055215,4.0,19.0,0.0,-1425.4254797212493,-0.22874565519224402,1.0204787084277385,0.1421274747560331
1185,1426.9229700180497,0.9677134627635385,0.10268267199251127,5.0,31.0,0.0,-1426.6425973779556,-0.19616562862177012,1.011142818967984,0.14756646826394612
1186,1426.0953998168704,0.9944640397794077,0.13406260232242445,5.0,31.0,0.0,-1424.3766727394977,-0.19732399528941288,1.0115634892342855,0.14065676321645287
1187,1426.4655807657098,0.9604559729319058,0.11295602182469806,4.0,27.0,0.0,-1424.1284027885206,-0.1974996023119333,1.0114668464108958,0.141643288307098
1188,1425.5140811790918,0.9757705685002959,0.09999569550055215,4.0,15.0,0.0,-1425.072167484072,-0.2147871454117336,1.0163974951055217,0.1395998324269579
1189,1427.0876856325349,1.0,0.10268267199251127,5.0,31.0,0.0,-1426.7561480089514,-0.1894343153396971,1.010271251619826,0.14539290418197381
1190,1425.8475540021614,0.8944407526355016,0.13406260232242445,4.0,31.0,0.0,-1424.4990878221784,-0.212749456781481,1.0149072199019045,0.14152904582320874
1191,1426.681363247544,0.9896505397524709,0.11295602182469806,5.0,31.0,0.0,-1426.0378496570231,-0.19185556922852365,1.0095761396541147,0.143128161471647
1192,1426.839756638944,0.9821796510198632,0.09999569550055215,3.0,15.0,0.0,-1423.6026952797795,-0.21172571759710912,1.0156272203119472,0.1424735993797359
1193,1426.8599649441287,0.9992894958266647,0.10268267199251127,5.0,31.0,0.0,-1425.1076832510767,-0.19207956980019805,1.0103489239480468,0.14796863783548536
1194,1426.9251419120944,0.6010008105537331,0.13406260232242445,2.0,7.0,0.0,-1423.0008798238414,-0.21589389857122154,1.0173578652481816,0.14248302610344807
1195,1426.8107802214422,0.9997463083803351,0.11295602182469806,4.0,31.0,0.0,-1425.1747944963897,-0.18926795997100654,1.0095361250264523,0.1479360254669332
1196,1425.426043282343,0.7467484753944966,0.09999569550055215,4.0,27.0,0.0,-1423.6952443760176,-0.20413563425156458,1.0115319768701272,0.14400907666239443
1197,1426.3785937165,0.7659224679987887,0.10268267199251127,4.0,27.0,0.0,-1423.6779616542915,-0.21252299354804954,1.0182570059963747,0.14665998660592172
1198,1425.8390050923426,0.8135112442882666,0.13406260232242445,5.0,39.0,0.0,-1425.3271843598475,-0.20009407862802114,1.0147976171388067,0.14239959690574344
1199,1426.6143659853758,0.9034472780133994,0.11295602182469806,4.0,31.0,0.0,-1425.1232753591828,-0.20396278878877114,1.015597399055317,0.14478482392766537
1200,1424.9407592094735,0.9916677372869149,0.09999569550055215,4.0,25.0,0.0,-1422.1839230166781,-0.2174330990448495,1.0192759047927933,0.15184173894953534
1201,1426.2452052477431,0.9793372810335662,0.10268267199251127,4.0,19.0,0.0,-1425.1936535856446,-0.1967727689546394,1.0133692031492536,0.14235363718135982
1202,1425.1464562142398,0.9839754167888679,0.13406260232242445,5.0,31.0,0.0,-1424.6769606252199,-0.17571705413079486,1.0036095946289711,0.14711094074750045
1203,1425.4250083539969,0.783111034646803,0.11295602182469806,3.0,15.0,0.0,-1420.5598614699866,-0.2171920852617109,1.015719111134031,0.14183857752127663
1204,1425.453390146671,1.0,0.09999569550055215,4.0,15.0,0.0,-1424.750051146877,-0.22601083142602343,1.0211956838575778,0.1512419218428009
1205,1426.4151034091926,0.8991353860232668,0.10268267199251127,5.0,63.0,0.0,-1423.7608761723739,-0.22853105803299748,1.0224524102210977,0.14355896949961133
1206,1426.1258915725875,1.0,0.13406260232242445,2.0,3.0,0.0,-1425.3858988651325,-0.17092170052424271,1.0055867916489445,0.1469474880756626
1207,1424.4328092460557,0.9914353323958203,0.11295602182469806,4.0,15.0,0.0,-1420.9887087504185,-0.2046308799920677,1.0150533398246677,0.13810432821030322
1208,1425.636122927152,0.8124479130614108,0.09999569550055215,4.0,19.0,0.0,-1420.5116013435265,-0.21869592477859182,1.015997160996039,0.1432647727744008
1209,1426.080555343652,0.9833149151778905,0.10268267199251127,5.0,31.0,0.0,-1424.7653535818263,-0.24968657996990354,1.0268335836101836,0.14798229303664198
1210,1425.5758430077062,0.8424111254195449,0.13406260232242445,3.0,11.0,0.0,-1423.8006592806296,-0.16942721083107876,1.0036544567697454,0.14977416460304233
1211,1426.0240621348048,1.0,0.11295602182469806,5.0,31.0,0.0,-1423.3144505730954,-0.17585936497691582,1.006025384482464,0.14937477978555536
1212,1426.2011799011884,0.9858035232683112,0.09999569550055215,4.0,27.0,0.0,-1423.9447685015198,-0.1893108004671242,1.008856022575642,0.14167999789814012
1213,1425.9941007540742,0.9886877073619521,0.10268267199251127,3.0,7.0,0.0,-1425.8852219216012,-0.25010389588501303,1.0279165963368682,0.14784952545976995
1214,1425.2752476705734,0.999017443619487,0.13406260232242445,5.0,31.0,0.0,-1424.4435578355576,-0.24803302274448397,1.0267692841512774,0.1405683941155593
1215,1425.8347800469808,0.9695671204464725,0.11295602182469806,4.0,15.0,0.0,-1425.6153703332911,-0.1731505464523618,1.0049136811885382,0.14957825253887116
1216,1424.8199710696233,0.8928982855594958,0.09999569550055215,4.0,31.0,0.0,-1420.13622358035,-0.1753046105337956,1.0074914454204384,0.15046256845122058
1217,1426.511769562805,0.9638615574052731,0.10268267199251127,6.0,63.0,0.0,-1424.4679633875671,-0.21527774734729174,1.0167219637840796,0.1493711948383008
1218,1425.3214853001364,0.9498307549486841,0.13406260232242445,5.0,31.0,0.0,-1424.6655808118742,-0.251391638437476,1.0270716915050608,0.14120606576919573
1219,1426.1154715399748,0.9149268765182964,0.11295602182469806,5.0,31.0,0.0,-1424.7719220387273,-0.18102697494925934,1.007412470577158,0.14959407533198946
1220,1425.4533422336287,0.945965034062139,0.09999569550055215,2.0,3.0,0.0,-1423.9881528880003,-0.17737126833615594,1.005641066644695,0.15057668137136462
1221,1426.7773402046241,0.9724921575789827,0.10268267199251127,5.0,47.0,0.0,-1425.1390116474727,-0.1974519833616273,1.0129843003686843,0.14793489418400557
1222,1424.0858202916713,0.9911238898362187,0.13406260232242445,5.0,31.0,0.0,-1422.920326665187,-0.2002363986941863,1.0119975844563471,0.15367211514766851
1223,1427.2290311039974,0.9993090547110071,0.11295602182469806,5.0,31.0,0.0,-1425.5254328177941,-0.2219618816557757,1.0190898073932348,0.14467683858621558
1224,1424.5207161404971,0.803389608309642,0.09999569550055215,2.0,3.0,0.0,-1424.3099502563136,-0.1745383259817759,1.0075675305480556,0.15042750400986543
1225,1427.0140398447274,0.9994446947412466,0.10268267199251127,2.0,7.0,0.0,-1426.6871083810008,-0.19946240602173107,1.0128083612814818,0.14782652678353517
1226,1423.7182216746694,0.5203318165236708,0.13406260232242445,4.0,31.0,0.0,-1418.4616798539744,-0.18699990454287652,1.0107087928702894,0.1533330704501219
1227,1426.261714689808,0.8069868349339068,0.11295602182469806,2.0,3.0,0.0,-1425.6552982466274,-0.22270227980725293,1.0175451866061413,0.144739978948201
1228,1425.466187564538,0.996579938031598,0.09999569550055215,5.0,31.0,0.0,-1423.5528601790145,-0.2300688611573351,1.01940401125424,0.14847457069513223
1229,1426.7878456689805,0.9994907713424213,0.10268267199251127,5.0,31.0,0.0,-1425.9056914364473,-0.17733011443571284,1.0063677115880392,0.14529435139343602
1230,1422.8146425648172,0.9300458243468124,0.13406260232242445,4.0,15.0,0.0,-1421.8092991753365,-0.16980052517094213,1.0061339065627108,0.15341479384828943
1231,1427.1922188104468,1.0,0.11295602182469806,4.0,19.0,0.0,-1425.8976638819138,-0.2092045025687279,1.0154865105588107,0.14717701222091398
1232,1426.146983447811,0.9940264362668999,0.09999569550055215,5.0,31.0,0.0,-1424.5418384920804,-0.2026845049136886,1.0135363342777786,0.1504692368956076
1233,1426.922970824628,0.944320686778377,0.10268267199251127,6.0,63.0,0.0,-1425.4406448757968,-0.20008234416641094,1.0137753749406322,0.14348256879805724
1234,1426.3998290717004,0.9495835697022484,0.13406260232242445,4.0,27.0,0.0,-1420.8883857446292,-0.22731893378199566,1.0223070371577836,0.1464078372928532
1235,1427.133653909764,0.9862821119593549,0.11295602182469806,4.0,31.0,0.0,-1424.2500692127549,-0.20060910419805134,1.0125528436778315,0.14382260235685898
1236,1424.5209668595774,0.9866784004338205,0.09999569550055215,4.0,15.0,0.0,-1423.7878005977143,-0.1864090318224648,1.0088087501875456,0.15301258049073954
1237,1426.9235830575033,0.9418790028717391,0.10268267199251127,4.0,27.0,0.0,-1425.902071633093,-0.2122554439702084,1.0176088216100059,0.14572025123538784
1238,1425.6161628124132,0.7786975761507392,0.13406260232242445,2.0,3.0,0.0,-1424.5581530734635,-0.23229252585599397,1.0198891846994615,0.1455575365409806
1239,1426.6848617923454,0.9785167341090831,0.11295602182469806,4.0,31.0,0.0,-1426.1196837739337,-0.2024511327378307,1.0136407899033888,0.14909374040058784
1240,1425.545801849998,0.95080054643326,0.09999569550055215,5.0,31.0,0.0,-1422.439268323013,-0.16877061230653145,1.0026128232308764,0.1485536258780325
1241,1426.0209468701817,1.0,0.10268267199251127,4.0,19.0,0.0,-1425.22078289245,-0.23553345187645439,1.023147559697742,0.1410817975432046
1242,1424.541386168818,0.7282972431613495,0.13406260232242445,1.0,1.0,0.0,-1424.1844782994374,-0.23427821184216405,1.0197579399742636,0.1456348722894596
1243,1427.3470094220754,0.9991885368943475,0.11295602182469806,4.0,23.0,0.0,-1426.294470425927,-0.20630426841808158,1.0147503781992395,0.14535594941230637
1244,1426.0033254705475,0.9958909777212885,0.09999569550055215,5.0,35.0,0.0,-1424.8297977307022,-0.24322352266529793,1.0252927298029435,0.14173591194184743
1245,1425.3555368353022,0.9156550696179342,0.10268267199251127,3.0,11.0,0.0,-1424.777795074904,-0.23878160864374198,1.0228097563948817,0.14079487865616627
1246,1426.6464981449499,0.9551432351528897,0.13406260232242445,4.0,23.0,0.0,-1423.0865423590405,-0.2147043879128127,1.0155612899961863,0.14468721537810433
1247,1427.2012478568795,0.987248146490397,0.11295602182469806,4.0,31.0,0.0,-1427.011878986135,-0.21618365553646746,1.0181236762897867,0.14476235506064622
1248,1425.9078975330335,0.81956938877891,0.09999569550055215,4.0,19.0,0.0,-1423.9947150223418,-0.2231143399258507,1.0173500820525492,0.14621859933521386
1249,1425.132129373455,0.9813119117006622,0.10268267199251127,5.0,31.0,0.0,-1424.0413444884023,-0.2499100809826139,1.028905528913888,0.14260573467276916
1250,1426.6905211089213,1.0,0.13406260232242445,3.0,15.0,0.0,-1426.1457757883095,-0.22693287900506234,1.0193354053279926,0.14610481130702546
1251,1426.8701813136593,0.9572468050250614,0.11295602182469806,5.0,31.0,0.0,-1426.5805759059806,-0.18641411912818925,1.0097964485257227,0.1449558024725328
1252,1427.1079535471877,0.9963565054928415,0.09999569550055215,4.0,19.0,0.0,-1424.9260923676827,-0.22634186878707246,1.0206831474803535,0.1443358850262985
1253,1426.9393772247045,0.8659489414779025,0.10268267199251127,4.0,23.0,0.0,-1423.5923577122153,-0.22164435929519452,1.0199778810908584,0.1439738662031197
1254,1426.2323456472755,0.9600819614363938,0.13406260232242445,5.0,31.0,0.0,-1425.4100724877892,-0.1721615897411629,1.0059550777811015,0.14459341959116878
1255,1427.0976757105857,0.9916381063789896,0.11295602182469806,2.0,3.0,0.0,-1426.779529935726,-0.1877230697773677,1.009359178987235,0.14517118371519516
1256,1426.7421665751979,0.9345134896519907,0.09999569550055215,2.0,7.0,0.0,-1426.6028686177463,-0.22810736016659916,1.0198823996134414,0.1440906534351652
1257,1426.4526421648238,0.8820986041569877,0.10268267199251127,3.0,15.0,0.0,-1425.439883953057,-0.22356376235709843,1.0209527063464297,0.14298194167625478
1258,1425.357096640155,0.9983426195197876,0.13406260232242445,3.0,15.0,0.0,-1424.772640875064,-0.16150688210848307,1.0022821127944976,0.14184046745809212
1259,1426.8104628053159,0.9388811447613034,0.11295602182469806,3.0,11.0,0.0,-1426.594171566006,-0.19409029701581074,1.0099622084764235,0.14561852937996927
1260,1427.0732810105608,0.9871522077643174,0.09999569550055215,2.0,3.0,0.0,-1426.6332106407995,-0.22719754169265716,1.0206892423863527,0.14402893710181658
1261,1426.3774844002494,0.968316878607533,0.10268267199251127,4.0,23.0,0.0,-1425.0814977370176,-0.21286861739161436,1.0179260802685446,0.14852957902790612
1262,1425.5202362061646,0.8670351113677472,0.13406260232242445,2.0,7.0,0.0,-1424.6099701235744,-0.16196655903116816,1.0025563992904016,0.1423695215160343
1263,1427.1480466451753,0.9995020250205378,0.11295602182469806,3.0,11.0,0.0,-1426.7665212045472,-0.19175226209572283,1.0101717033661282,0.14572932291141338
1264,1426.8106780513763,0.9846596398787449,0.09999569550055215,4.0,31.0,0.0,-1425.0415546944346,-0.190595726119198,1.009899104464559,0.14274749530459296
1265,1425.895411024657,0.9948131554963288,0.10268267199251127,5.0,31.0,0.0,-1425.2765122022063,-0.25041218701477025,1.0260736760308817,0.14490984076229274
1266,1424.9338628346004,0.793981333591163,0.13406260232242445,5.0,63.0,0.0,-1422.090034716813,-0.21511527476827172,1.0147390247770673,0.14185737061202422
1267,1427.0499905945323,0.9998598667354089,0.11295602182469806,5.0,63.0,0.0,-1426.9878593430344,-0.23056169645068592,1.0215391720311,0.14461107785800212
1268,1426.697854101996,0.9002661612739417,0.09999569550055215,2.0,7.0,0.0,-1426.1227067758991,-0.19134442745712968,1.0101871689547695,0.14225681313811123
1269,1423.255760260163,0.947636795456067,0.10268267199251127,5.0,63.0,0.0,-1421.6199036728635,-0.1699493615968662,1.0021972558036079,0.1524785944738377
1270,1424.8710408969816,1.0,0.13406260232242445,2.0,3.0,0.0,-1424.5356318309189,-0.2087617993290677,1.0176588010400285,0.1409682975821618
1271,1427.290772752118,0.9990705068685747,0.11295602182469806,5.0,63.0,0.0,-1426.9735858156141,-0.20837718102878347,1.0155434217204742,0.14626481661859211
1272,1426.3942767519932,0.9982394637559983,0.09999569550055215,5.0,63.0,0.0,-1422.903079663694,-0.17281568982836218,1.0050979161378348,0.1432958661128878
1273,1425.6235151128246,0.9959201953615978,0.10268267199251127,6.0,63.0,0.0,-1422.9696079020007,-0.1948738549785176,1.0100160066323522,0.15032658647562502
1274,1425.1115811672955,0.998340252537449,0.13406260232242445,4.0,15.0,0.0,-1424.356072178554,-0.2094972745532665,1.0138193985562076,0.14026538415635326
1275,1425.8160486362583,0.9087289228364892,0.11295602182469806,4.0,19.0,0.0,-1425.1545381756223,-0.17149451911243643,1.0040743789086735,0.14186373638842403
1276,1426.1745012422111,0.9370010174372284,0.09999569550055215,1.0,3.0,0.0,-1426.0871153072444,-0.1747350968098505,1.0046041704600022,0.14331420341428794
1277,1426.165212453123,0.9399192086964925,0.10268267199251127,5.0,31.0,0.0,-1424.445230029367,-0.2135847800544558,1.0175494732854833,0.1500822200438837
1278,1425.3400042015403,0.9791054101797417,0.13406260232242445,4.0,15.0,0.0,-1424.482690468601,-0.21030979624095356,1.0169218402249824,0.13961207375052184
1279,1425.1916736584828,0.9787208626204985,0.11295602182469806,5.0,31.0,0.0,-1424.5882729624639,-0.15210685914134062,0.9988227200996038,0.1430902780791635
1280,1425.18361423748,0.9194684346910005,0.09999569550055215,5.0,35.0,0.0,-1424.844537970335,-0.24853430931847117,1.0250251194700155,0.14848422222696456
1281,1427.067907898572,0.9975630136651711,0.10268267199251127,4.0,31.0,0.0,-1425.7180258295311,-0.2226867813017684,1.0199536974927785,0.14404774475543686
1282,1425.6157473175333,1.0,0.13406260232242445,5.0,31.0,0.0,-1423.206208346352,-0.26120517900335183,1.0303669056225986,0.14744766542062507
1283,1424.9466014390641,0.8359607853537746,0.11295602182469806,4.0,15.0,0.0,-1423.8708410294175,-0.15843933627964335,1.0028059949716832,0.1458743824236316
1284,1427.0429571494933,0.9989440741712597,0.09999569550055215,4.0,19.0,0.0,-1423.1612231858965,-0.22930015541930093,1.0216324647258677,0.14620277820450228
1285,1427.0397643166862,0.9200013174384842,0.10268267199251127,4.0,27.0,0.0,-1426.041399259626,-0.220520992439613,1.0196362051423764,0.14599699699065144
1286,1426.2152989397507,0.9829688598063373,0.13406260232242445,3.0,15.0,0.0,-1423.5805889389353,-0.2508553396672752,1.0272761715409728,0.14704684478139035
1287,1425.900182466339,0.8924942021599507,0.11295602182469806,3.0,11.0,0.0,-1423.8967511336614,-0.1598518108641262,1.001733998588267,0.1465504960245657
1288,1426.8256690930366,0.9813869946515389,0.09999569550055215,3.0,11.0,0.0,-1426.644876531967,-0.23731781048913156,1.0233430418452438,0.14636606369735594
1289,1426.3181266866052,0.9077440242680035,0.10268267199251127,4.0,31.0,0.0,-1425.6661695680036,-0.20524636419123937,1.012636866765229,0.14738639186492872
1290,1426.1991882645366,0.7609064432083457,0.13406260232242445,4.0,31.0,0.0,-1423.2916547626514,-0.20995914160356702,1.0137067743384762,0.1453820020016512
1291,1424.9904470685337,0.9456239469978521,0.11295602182469806,5.0,47.0,0.0,-1424.7179789638083,-0.2662874394160642,1.0307193151210041,0.14428443396343893
1292,1426.740065848058,0.7955133026410178,0.09999569550055215,2.0,3.0,0.0,-1425.2567413695429,-0.2405771947259112,1.0245925536133629,0.1462322573397185
1293,1426.1106681729282,0.9812936642123703,0.10268267199251127,4.0,19.0,0.0,-1425.827090413953,-0.20064371255498087,1.0110323986270728,0.14447112954555325
1294,1426.84360282774,1.0,0.13406260232242445,1.0,1.0,0.0,-1426.315154828014,-0.2089656622414897,1.0141025748265349,0.1453243272491524
1295,1425.1633765105632,0.9998325218979531,0.11295602182469806,4.0,15.0,0.0,-1424.6826138534052,-0.2649704412507765,1.0326888689097466,0.14577050825427396
1296,1426.2979839862712,0.9778627496822951,0.09999569550055215,3.0,15.0,0.0,-1426.1427725905514,-0.24781486386226714,1.0272325844391779,0.14667728080357148
1297,1423.7687872578447,0.78003296658153,0.10268267199251127,2.0,7.0,0.0,-1423.1973784854774,-0.19336041826950864,1.0144675936730934,0.14507113618013026
1298,1427.2830484765764,0.9778344551843601,0.13406260232242445,4.0,27.0,0.0,-1425.0452135184719,-0.20176689061425362,1.0137504519521185,0.14557910036577104
1299,1426.5085375347862,0.7878347783614766,0.11295602182469806,5.0,31.0,0.0,-1422.044190361803,-0.23111345185425936,1.0222735066344666,0.14219705861028809
1300,1425.9271531177853,0.9564348774868702,0.09999569550055215,5.0,47.0,0.0,-1423.2520697090017,-0.1735794966423548,1.0039346734863284,0.14347075517825386
1301,1425.9499581519926,0.8596745231067521,0.10268267199251127,3.0,15.0,0.0,-1419.41165266448,-0.17550817632540286,1.0042810821640915,0.14420825788243505
1302,1427.2609655007523,0.9999200711765011,0.13406260232242445,5.0,31.0,0.0,-1427.2119767238842,-0.20502100647197027,1.0144145476162927,0.1440336230306561
1303,1425.6786802658821,0.9253613414077578,0.11295602182469806,3.0,15.0,0.0,-1424.6126274157073,-0.23848861854681683,1.0233016476685153,0.1407973922340251
1304,1426.0310555898552,0.9641851528264316,0.09999569550055215,5.0,31.0,0.0,-1424.1543227351403,-0.19559847962234053,1.0098308697914082,0.14285873421225026
1305,1426.1483281068076,0.9749227239863455,0.10268267199251127,5.0,39.0,0.0,-1425.1887797182646,-0.24983270119056258,1.0280510133641272,0.14620762448532293
1306,1427.1471922093351,0.9587863257066038,0.13406260232242445,2.0,7.0,0.0,-1427.0128775625064,-0.20507414312724234,1.0148958296991182,0.14384381555243125
1307,1426.2681884202013,0.9999101208797669,0.11295602182469806,5.0,31.0,0.0,-1424.1509479825897,-0.25196730329869055,1.028009322152946,0.14519830003682058
1308,1426.6049908622256,0.9769822903158107,0.09999569550055215,4.0,31.0,0.0,-1423.8683117801102,-0.22936161480237185,1.02019252833172,0.14358382144603782
1309,1426.517471703792,0.9755685500657781,0.10268267199251127,3.0,15.0,0.0,-1425.4126069444244,-0.245341138808312,1.0253869382647849,0.1456012671317925
1310,1427.1330706705517,0.9567292837755028,0.13406260232242445,4.0,31.0,0.0,-1426.7182774430441,-0.21866698350664307,1.0176778893803797,0.14408086062937914
1311,1426.356538436674,0.8817515058768627,0.11295602182469806,5.0,31.0,0.0,-1423.980049430565,-0.19909661328549114,1.0135724699991733,0.14164200804477525
1312,1426.0114791239102,0.9865036175936656,0.09999569550055215,5.0,31.0,0.0,-1425.5432900345593,-0.2056397161811307,1.0131770880473236,0.14125909288136176
1313,1424.7048018122437,0.9784645722469448,0.10268267199251127,4.0,31.0,0.0,-1423.8394819753241,-0.2550917139026098,1.0295676688974018,0.14062911156076616
1314,1427.2501755822434,0.9450728804505358,0.13406260232242445,4.0,31.0,0.0,-1426.6796449710912,-0.19951445884508978,1.0128003923690814,0.14429154915681974
1315,1425.6292772778088,0.8480170311958147,0.11295602182469806,4.0,23.0,0.0,-1424.7592851378738,-0.21990705643248043,1.016204603264576,0.14671110466607243
1316,1426.7156091522731,0.9607310568004308,0.09999569550055215,4.0,23.0,0.0,-1425.0373896030435,-0.1970858908995923,1.011166250942978,0.1481069373025706
1317,1425.9349286923182,0.9233395029565244,0.10268267199251127,3.0,11.0,0.0,-1422.7528217290428,-0.24385039109624856,1.0265516154480514,0.14269447216531775
1318,1426.990200969333,0.9943864552386313,0.13406260232242445,4.0,31.0,0.0,-1424.8646662404208,-0.18992040683209574,1.0096543025555729,0.14372365373667223
1319,1427.046732484452,0.9424774658582895,0.11295602182469806,3.0,11.0,0.0,-1424.43192696911,-0.21883972088180467,1.018079219240671,0.14759355714197256
1320,1426.563883952565,1.0,0.09999569550055215,3.0,11.0,0.0,-1426.049167939815,-0.19338485566462274,1.0116086808663567,0.14881033279223735
1321,1425.6154929742388,0.9923481202822254,0.10268267199251127,5.0,31.0,0.0,-1422.8390422631476,-0.2591039374461039,1.0289738385330403,0.14423494928104225
1322,1426.9058369349004,0.9541043460655515,0.13406260232242445,3.0,9.0,0.0,-1426.6147690642467,-0.19153200194712144,1.011377948949275,0.14454877548346312
1323,1426.4951350182691,0.9907244636189896,0.11295602182469806,5.0,31.0,0.0,-1426.276243997914,-0.23383946530040128,1.0224183752585994,0.14865529333576488
1324,1424.3757359840886,0.9961885144360828,0.09999569550055215,5.0,31.0,0.0,-1423.8252449539975,-0.22245745366345943,1.020126721266021,0.1532407075701429
1325,1425.5044995784647,0.9997713754860118,0.10268267199251127,5.0,31.0,0.0,-1424.611382930611,-0.26331623559380685,1.030671857485534,0.14713049395392286
1326,1427.0752073930228,0.9616725387571208,0.13406260232242445,5.0,31.0,0.0,-1426.5649398017802,-0.1950646793241266,1.0111324804107058,0.14707806304676166
1327,1425.366464222001,0.9530479481548124,0.11295602182469806,4.0,31.0,0.0,-1423.4054549751,-0.211550445198565,1.0158976764198202,0.15200477015541017
1328,1426.2780449416828,0.9649307351492651,0.09999569550055215,5.0,31.0,0.0,-1423.6891283962568,-0.23056898382907628,1.0230650702199438,0.14323579169127976
1329,1425.1336696863798,0.8655504406696719,0.10268267199251127,5.0,63.0,0.0,-1421.7435078692235,-0.1610549664540178,0.9999163469894373,0.14641047543446248
1330,1426.1522970869694,0.8306572149113937,0.13406260232242445,5.0,31.0,0.0,-1424.9259081047255,-0.2539567297196653,1.0285209604193926,0.1447563304094921
1331,1426.359042225311,0.9008982434761801,0.11295602182469806,4.0,15.0,0.0,-1424.435489513607,-0.22573864868359478,1.0188434277617084,0.14783178692330184
1332,1422.0470406846055,0.9981473446176955,0.09999569550055215,4.0,15.0,0.0,-1421.901688379173,-0.2391405217809617,1.0255288104930216,0.13652774049406155
1333,1424.6385001642625,0.9253487774204374,0.10268267199251127,4.0,19.0,0.0,-1421.8376424434045,-0.14086169973243015,0.9953467424658997,0.14573661945678795
1334,1421.1123764549304,0.3996029126719991,0.13406260232242445,2.0,7.0,0.0,-1419.2876482304089,-0.24404124687512868,1.0298996115123584,0.144402454381452
1335,1425.8233530375476,0.9523544477791627,0.11295602182469806,5.0,31.0,0.0,-1425.3086749133258,-0.2388415489609626,1.025853688330061,0.14674337996682935
1336,1425.106211683753,0.9604722196190943,0.09999569550055215,4.0,15.0,0.0,-1421.3325224985867,-0.2161390956653546,1.017639697259148,0.13875349776227627
1337,1423.7993681097926,0.9926022932287362,0.10268267199251127,5.0,31.0,0.0,-1423.165819441194,-0.1370260876721386,0.994600270472886,0.1494338669797123
1338,1423.0153537267138,0.9910072010198951,0.13406260232242445,4.0,31.0,0.0,-1418.1511521931436,-0.29110717830751653,1.0385779363608636,0.14293349069030595
1339,1426.2036388666945,0.9868350522883949,0.11295602182469806,4.0,19.0,0.0,-1425.2322210462596,-0.2236318650090002,1.0177557071730166,0.14594802255102354
1340,1426.8439861386641,0.8207702714176655,0.09999569550055215,3.0,15.0,0.0,-1422.1986160505332,-0.2212599173465445,1.0180175967786964,0.1435466171833355
1341,1425.9436727741975,0.8516482578804652,0.10268267199251127,5.0,31.0,0.0,-1421.4753919787458,-0.21673369474619156,1.0158486732007896,0.1485535109029263
1342,1425.352848638438,0.9972593751718934,0.13406260232242445,4.0,15.0,0.0,-1422.9091048716657,-0.2640301123828684,1.031238682928127,0.14327411707189236
1343,1426.1931816483639,0.6792284265762137,0.11295602182469806,4.0,23.0,0.0,-1421.0570086713585,-0.22471103502283363,1.0215546100228379,0.14802303243249998
1344,1424.04205300898,0.9849569362522288,0.09999569550055215,4.0,31.0,0.0,-1423.1777548012858,-0.2551562579839004,1.0291802701617514,0.1392113648833604
1345,1425.8188516063558,0.9630216557831012,0.10268267199251127,4.0,23.0,0.0,-1424.4394172562477,-0.19257513453746497,1.0129285859083494,0.14453574894027874
1346,1425.3327154612473,0.9939545101068726,0.13406260232242445,5.0,31.0,0.0,-1425.152593257214,-0.264003773805953,1.031847850946852,0.1436907633482589
1347,1426.4668043567444,0.9990430416118993,0.11295602182469806,3.0,15.0,0.0,-1426.0063434493063,-0.2150226110556368,1.0187791271561981,0.1472301561466219
1348,1424.513778493495,0.9432693735445298,0.09999569550055215,2.0,7.0,0.0,-1423.5949733001562,-0.2514683963003391,1.0271172072898977,0.13965201392540177
1349,1426.9120914394462,1.0,0.10268267199251127,2.0,3.0,0.0,-1426.0243860340927,-0.1965211602058247,1.0108031143607143,0.14458774931487214
1350,1425.0920573909127,0.9493856412411982,0.13406260232242445,5.0,63.0,0.0,-1424.346720558232,-0.14933934761248274,0.9992744542608996,0.14600096212806665
1351,1426.517779652047,0.9997924390688061,0.11295602182469806,5.0,31.0,0.0,-1426.3677793498562,-0.22408596196842015,1.0183047818997721,0.14410444638901626
1352,1424.5716854511863,0.9976907073547864,0.09999569550055215,1.0,3.0,0.0,-1424.4290670620135,-0.2507097687061298,1.0276287563015398,0.1395667293672272
1353,1426.3564269844464,0.833255971818996,0.10268267199251127,2.0,7.0,0.0,-1425.2696422732984,-0.19443609532252304,1.009543317105929,0.144633365164823
1354,1425.8016190479004,0.8676351241510042,0.13406260232242445,5.0,31.0,0.0,-1423.6342257878046,-0.1960012897394563,1.0137535585728379,0.14809610043977844
1355,1426.5415519085848,0.9927637064908444,0.11295602182469806,3.0,15.0,0.0,-1425.443890404364,-0.23154208360827425,1.0207342682532554,0.1470072858136613
1356,1425.2934780754586,0.9999889842088379,0.09999569550055215,6.0,63.0,0.0,-1424.4289402575673,-0.17865289609203605,1.00672595993712,0.15130212054742395
1357,1426.9217299828028,0.9993729465364992,0.10268267199251127,4.0,19.0,0.0,-1425.855659710019,-0.19166025125654093,1.0103754879522837,0.14303451493791933
1358,1426.1432502013513,0.9896136703665682,0.13406260232242445,5.0,33.0,0.0,-1424.4346572279553,-0.21579398372301206,1.018673442475266,0.1494132654012114
1359,1426.0453284459004,0.877252886621941,0.11295602182469806,4.0,23.0,0.0,-1421.9374409701988,-0.23888118618518672,1.0256714799399331,0.14467785139041967
1360,1425.683350364187,0.9514512452786222,0.09999569550055215,5.0,31.0,0.0,-1424.6802749594785,-0.21074429426567678,1.0166768800077992,0.13985294870955944
1361,1426.077940661763,0.9601892654792313,0.10268267199251127,5.0,31.0,0.0,-1425.5885256158974,-0.18116489770388547,1.006399102273152,0.14218857613989336
1362,1426.671202129892,0.982198025127541,0.13406260232242445,2.0,3.0,0.0,-1426.0094035813138,-0.21766670874710053,1.0180120784721467,0.14906903327953142
1363,1426.659426283983,0.9985851279131231,0.11295602182469806,4.0,19.0,0.0,-1425.7546597394596,-0.21023965632562938,1.0173825598159538,0.14537274762417055
1364,1425.257091935824,0.9942621710003484,0.09999569550055215,4.0,15.0,0.0,-1424.9563183284627,-0.2225114364296417,1.018591295220503,0.1393527833822904
1365,1426.9045022069088,0.9994890596329064,0.10268267199251127,4.0,19.0,0.0,-1425.0613953232619,-0.192959725378191,1.0098213509955454,0.1456962145347812
1366,1426.631711406003,0.6472805824967071,0.13406260232242445,4.0,23.0,0.0,-1423.2200050926015,-0.1911625931831805,1.0091444647206287,0.14715935073624328
1367,1426.6009379821046,0.9104562558384649,0.11295602182469806,3.0,11.0,0.0,-1425.5977947696565,-0.2029606052482332,1.0121256557718246,0.14597601200982446
1368,1426.9378734016261,0.9887261928880996,0.09999569550055215,5.0,63.0,0.0,-1424.817184760245,-0.1937744285958891,1.0118380290137945,0.14373035049693053
1369,1423.8369310466355,0.8277715230370265,0.10268267199251127,5.0,31.0,0.0,-1422.1734483122093,-0.22783544734081723,1.0197720661201441,0.1537112725613634
1370,1426.967666474933,0.9999019309780646,0.13406260232242445,5.0,31.0,0.0,-1426.5617415981808,-0.19993410643063092,1.0122783651326717,0.14309362243133486
1371,1425.807210161255,0.6412509540492609,0.11295602182469806,4.0,19.0,0.0,-1422.3509974354517,-0.21044396665887796,1.0135404516079343,0.14618469078012375
1372,1426.6108584515266,0.970380815586959,0.09999569550055215,3.0,13.0,0.0,-1426.13458174942,-0.19351259887133768,1.0099746432855474,0.14288397086129617
1373,1424.7463893977779,0.9339512769486784,0.10268267199251127,5.0,31.0,0.0,-1420.3445504842532,-0.14667856332771984,0.9987896663131148,0.14584945868032015
1374,1426.4046552239151,0.9458847205109349,0.13406260232242445,5.0,31.0,0.0,-1425.2205898760199,-0.24907214396701005,1.0267646935875483,0.1450150719885485
1375,1427.1498312236881,1.0,0.11295602182469806,3.0,11.0,0.0,-1425.9069579285049,-0.19601684771671732,1.011298512165215,0.14644290419269285
1376,1426.2327941762794,0.9939407076720317,0.09999569550055215,6.0,63.0,0.0,-1425.7323688652207,-0.23004766168542118,1.022617974605807,0.14874971532122921
1377,1426.7127197893208,0.9801724397010082,0.10268267199251127,5.0,31.0,0.0,-1424.2921952634006,-0.22806807104286758,1.021967363866607,0.1438020224437617
1378,1426.6433778818528,0.9974851285630603,0.13406260232242445,5.0,31.0,0.0,-1425.2150783707436,-0.23017887383801783,1.021184680061795,0.1424638740146884
1379,1426.5762230548823,0.9267210440512236,0.11295602182469806,4.0,23.0,0.0,-1425.9688536941946,-0.19068584192647725,1.011198980546254,0.14286154255237052
1380,1426.2415241568303,1.0,0.09999569550055215,4.0,15.0,0.0,-1425.8339552956472,-0.2201496229379004,1.0197211221770153,0.1493661266329221
1381,1427.0929544055548,0.9649648622230542,0.10268267199251127,4.0,23.0,0.0,-1426.030148570607,-0.22261266806552404,1.0186504105400271,0.14498949002091072
1382,1426.478630018058,0.9997106972399068,0.13406260232242445,4.0,23.0,0.0,-1425.468905506657,-0.19918840086755144,1.012519823535565,0.14958806411699946
1383,1426.9927643679628,0.9965948069836769,0.11295602182469806,5.0,31.0,0.0,-1426.478498785172,-0.19754848399104719,1.0124107025033389,0.14776509515818909
1384,1426.335971113151,0.9301392412640366,0.09999569550055215,4.0,29.0,0.0,-1421.5918104511727,-0.17929544306315923,1.0055935002792886,0.1460412427701249
1385,1427.0185745103777,0.9858325203800661,0.10268267199251127,2.0,3.0,0.0,-1426.956856527661,-0.2190636649333739,1.019310742935543,0.144901794715524
1386,1426.0804127095453,0.946357932631103,0.13406260232242445,4.0,15.0,0.0,-1425.9524757964039,-0.2047180740551214,1.0130872905185326,0.14984306413026569
1387,1426.6653355848605,0.9963179993650703,0.11295602182469806,5.0,31.0,0.0,-1426.2115223317405,-0.17572320182351683,1.0058315808157658,0.14656994802231715
1388,1426.600337952441,0.9997971688191973,0.09999569550055215,5.0,31.0,0.0,-1425.6562795057225,-0.22201375406431964,1.019018871131521,0.14172992190958023
1389,1427.1610320082143,0.9993000199684563,0.10268267199251127,4.0,31.0,0.0,-1425.8483139715192,-0.20619549980305024,1.0152993748821657,0.14656373958222407
1390,1424.4816098478261,0.9962762552970779,0.13406260232242445,4.0,27.0,0.0,-1424.1529379214699,-0.18151051574331342,1.008662608137284,0.15238739295567374
1391,1426.6635104943377,0.9213907773020621,0.11295602182469806,3.0,15.0,0.0,-1424.6016998953417,-0.18859389061474033,1.0108640879992954,0.1449468604340036
1392,1425.8161265551728,0.9680899604719919,0.09999569550055215,3.0,11.0,0.0,-1425.4655604865645,-0.22761964826390382,1.0211402783807604,0.1402686967017312
1393,1427.1982729918636,0.9756815800333755,0.10268267199251127,3.0,15.0,0.0,-1426.8547775933762,-0.2102027055913485,1.0150849713005359,0.14574662794375262
1394,1423.7929996632677,0.9294993944645491,0.13406260232242445,5.0,31.0,0.0,-1421.957859566882,-0.14314212063436643,0.9982885186563083,0.14340425225749429
1395,1426.0265538300712,0.9488596673479607,0.11295602182469806,4.0,31.0,0.0,-1425.1498271329092,-0.17235183828947293,1.003573694900146,0.14455929578191679
1396,1425.8732989198115,0.9934015747547752,0.09999569550055215,5.0,31.0,0.0,-1423.0291135889129,-0.24129962001805771,1.0252484613552972,0.14962748772870943
1397,1426.7928594012058,0.9675032630563228,0.10268267199251127,3.0,15.0,0.0,-1426.6209057401923,-0.20921904993760893,1.0168569115302069,0.14650718261029147
1398,1426.347139542298,1.0,0.13406260232242445,5.0,31.0,0.0,-1422.5619594915206,-0.21558276911164184,1.0190762425338764,0.14717763994347824
1399,1426.7173383470417,0.9997814176203623,0.11295602182469806,5.0,31.0,0.0,-1425.5945651927598,-0.22414038093303132,1.0186118993355717,0.143941865831223
1400,1425.8906883301543,0.9996456622592873,0.09999569550055215,4.0,15.0,0.0,-1425.7761814445955,-0.2431570385927413,1.0254086662409534,0.14957972720315268
1401,1422.8984121271137,0.9675367209410195,0.10268267199251127,4.0,19.0,0.0,-1421.4151785337774,-0.2932996004095511,1.0386281515574007,0.14449522778165372
1402,1425.8059073534137,0.9960108948426861,0.13406260232242445,5.0,31.0,0.0,-1424.5327318611294,-0.25810267462709546,1.0288565283537363,0.14626791621480287
1403,1426.394834930685,0.7441104445705726,0.11295602182469806,3.0,11.0,0.0,-1423.9907042394577,-0.2111025534896697,1.017842481286946,0.14430295348021296
1404,1425.900477657931,0.8030050832282253,0.09999569550055215,6.0,63.0,0.0,-1421.9652839981838,-0.2075506225974279,1.016918844518241,0.14239334414435967
1405,1424.5253403042507,0.9946618312038955,0.10268267199251127,6.0,63.0,0.0,-1421.6682107466818,-0.14889451361975797,0.9965518983636549,0.14624940758566096
1406,1426.538529365165,0.9997198446636543,0.13406260232242445,3.0,11.0,0.0,-1425.4713566695284,-0.24555071758163077,1.0259416748747425,0.14636486097827048
1407,1426.5043839193463,0.9793314814759586,0.11295602182469806,3.0,15.0,0.0,-1425.8108176671858,-0.22241995150525515,1.017792733410431,0.14401201292187368
1408,1426.5728132315107,0.9612889893960878,0.09999569550055215,5.0,63.0,0.0,-1424.207727592881,-0.231207442443218,1.023000407634489,0.14393855677290296
1409,1424.9721035292794,1.0,0.10268267199251127,2.0,3.0,0.0,-1424.6024340137485,-0.1484303977176125,0.9970605941264163,0.1462371515316319
1410,1425.7701995896953,0.9965397441602056,0.13406260232242445,4.0,15.0,0.0,-1425.451614432907,-0.2402195314792803,1.0242715835320293,0.15015671412520068
1411,1427.134300324748,0.9999695548544378,0.11295602182469806,4.0,27.0,0.0,-1426.0453055438709,-0.20991813380194774,1.0159538401038388,0.1432866656311917
1412,1423.9992263935442,0.7785344510995454,0.09999569550055215,3.0,11.0,0.0,-1422.7662144347692,-0.2375956185796883,1.0209418702878519,0.1416471114075879
1413,1427.0792340079527,0.892277941445852,0.10268267199251127,5.0,31.0,0.0,-1423.6814412797432,-0.22401625509243236,1.0193566683048956,0.14396275870537953
1414,1425.258199101958,0.9187682742400458,0.13406260232242445,2.0,3.0,0.0,-1425.0494271936734,-0.23590240576095767,1.0246437061079496,0.15036233077378125
1415,1426.2205946566698,0.8738103215437919,0.11295602182469806,4.0,27.0,0.0,-1425.0357715672374,-0.20108586804990952,1.0122257929713525,0.14125522761199233
1416,1426.181626547718,1.0,0.09999569550055215,5.0,31.0,0.0,-1423.806559133595,-0.24756346235712284,1.0257444733028245,0.147222859251424
1417,1426.9933191296273,0.9986292179754279,0.10268267199251127,5.0,31.0,0.0,-1426.9806098463346,-0.22629634743383067,1.01998154206323,0.14372266746753173
1418,1426.7506764665359,0.9104565863052978,0.13406260232242445,4.0,15.0,0.0,-1424.358717210789,-0.2210414867566944,1.019327294334551,0.14854073068828055
1419,1426.681414385058,0.8900678753989197,0.11295602182469806,2.0,7.0,0.0,-1425.449813006793,-0.19675379738664478,1.0123915374958148,0.14205284575435378
1420,1426.1648752886913,0.9921384896893953,0.09999569550055215,5.0,31.0,0.0,-1425.5413943434046,-0.23337055564529866,1.0218606838215223,0.14944665317628542
1421,1426.9751924960738,0.9856324569215503,0.10268267199251127,5.0,31.0,0.0,-1426.7008251733669,-0.21032030825311282,1.0164131988147356,0.14781246614140417
1422,1426.6549653641348,0.9990940655669664,0.13406260232242445,5.0,47.0,0.0,-1425.9125672801506,-0.20285341120812803,1.0141100001310874,0.14905610796998262
1423,1422.4287793524704,0.8548226939411124,0.11295602182469806,4.0,19.0,0.0,-1421.5663718508126,-0.2196296796016856,1.0167586369913346,0.15516843750480944
1424,1426.456886044966,0.9823637691618535,0.09999569550055215,5.0,63.0,0.0,-1424.8862396020445,-0.17447217619199146,1.0063721959353982,0.1463276963220894
1425,1425.1061058095231,0.7587870504385407,0.10268267199251127,2.0,3.0,0.0,-1424.2757301289996,-0.20679507753524437,1.017442704615085,0.14826363359432723
1426,1427.0874494608731,0.8983736420422131,0.13406260232242445,5.0,31.0,0.0,-1425.8586425112062,-0.22578609932158203,1.019764934846603,0.14462003405292748
1427,1425.0146249205122,0.9994347704169788,0.11295602182469806,5.0,31.0,0.0,-1422.0892677922013,-0.22784903417265034,1.0220664278373413,0.15166884357661484
1428,1425.9461480428592,1.0,0.09999569550055215,5.0,31.0,0.0,-1425.2718592236733,-0.18140011450666657,1.0083203281741635,0.14964578805163323
1429,1424.7323473334593,0.9534576142175407,0.10268267199251127,4.0,19.0,0.0,-1423.3706006679517,-0.2161414756442658,1.0144754863678431,0.14628590527389435
1430,1426.7674912904174,0.932014282320961,0.13406260232242445,4.0,31.0,0.0,-1426.140016161719,-0.20716931119690307,1.0157402541053484,0.1424910446360189
1431,1425.6088517042538,0.6002603967808051,0.11295602182469806,2.0,5.0,0.0,-1421.6414962381841,-0.23016692332217817,1.0204943692005801,0.15054973448594414
1432,1425.9245549866748,0.942941156170299,0.09999569550055215,2.0,3.0,0.0,-1425.3733609713959,-0.17984877503611865,1.0078839087839198,0.14956719003451505
1433,1427.289466463631,1.0,0.10268267199251127,2.0,3.0,0.0,-1424.5459307390677,-0.20754097536830743,1.0150639659644116,0.14646876567855335
1434,1426.6190904237403,0.8974476537167682,0.13406260232242445,4.0,31.0,0.0,-1423.8662323873782,-0.2176356173490878,1.0185051952717565,0.14186367090144494
1435,1425.3435165503186,1.0,0.11295602182469806,2.0,3.0,0.0,-1425.3031332896742,-0.22732291960810005,1.021878779143891,0.15108861347832833
1436,1426.02017444201,0.9991902092988904,0.09999569550055215,4.0,31.0,0.0,-1422.6600633812093,-0.24931796522937213,1.0279412641394565,0.1473363388391535
1437,1427.1869113781172,0.7239676704053313,0.10268267199251127,3.0,15.0,0.0,-1424.7410452628724,-0.21371156992487422,1.0163678490295558,0.1467698866732277
1438,1426.6843233051718,0.9910379710559891,0.13406260232242445,5.0,31.0,0.0,-1426.0492444324543,-0.23126537551680756,1.021714037841873,0.14822142961455564
1439,1425.8120993562354,0.951052424326789,0.11295602182469806,5.0,31.0,0.0,-1424.054193068106,-0.18084195113364904,1.0078697684746754,0.14085606795425787
1440,1426.6763469174896,0.9596946815733448,0.09999569550055215,5.0,31.0,0.0,-1424.0349393358395,-0.19256582653354928,1.0104005016213216,0.1486394961128371
1441,1426.9659453613003,0.9088469949165434,0.10268267199251127,4.0,31.0,0.0,-1425.8657134179905,-0.1936508422127777,1.0106336711903867,0.147461973292967
1442,1424.662556156951,0.9804125579213517,0.13406260232242445,4.0,31.0,0.0,-1423.7396724525292,-0.17001908384181552,1.004805847919456,0.13957027582115253
1443,1425.6569718656863,0.998239503185523,0.11295602182469806,2.0,3.0,0.0,-1425.6307405766015,-0.18191543824173426,1.0069703748141572,0.14062852669560977
1444,1426.4382474430317,0.6671035026497066,0.09999569550055215,2.0,3.0,0.0,-1423.640168868262,-0.1909749643405676,1.0102547659815355,0.14937722431860756
1445,1425.2295110576558,0.9498819812563432,0.10268267199251127,4.0,27.0,0.0,-1423.148873304834,-0.15642428313505605,1.001542737524891,0.14367380042429712
1446,1426.9301138161075,0.9506432819257209,0.13406260232242445,5.0,31.0,0.0,-1423.8450527864086,-0.2294695440380183,1.020872321226116,0.14695986053161447
1447,1427.2949925464525,0.9929777236632861,0.11295602182469806,4.0,31.0,0.0,-1424.851002521537,-0.21197036953595266,1.016734920446551,0.1453560567010419
1448,1426.3462416256423,0.9930703309580121,0.09999569550055215,5.0,31.0,0.0,-1426.1894507795876,-0.19482054669300977,1.0117566832919442,0.14970828728826546
1449,1425.0390046078098,0.9997825101232473,0.10268267199251127,6.0,63.0,0.0,-1423.8745713774256,-0.2633791337853631,1.0300828405178315,0.14836032672806537
1450,1425.8618067918417,0.9398059063860058,0.13406260232242445,5.0,31.0,0.0,-1425.6584765702366,-0.24935887493909661,1.0284290419653246,0.14520649001789832
1451,1427.127897461398,0.9677439418447576,0.11295602182469806,4.0,19.0,0.0,-1426.87957641651,-0.21414916433332667,1.017734563344598,0.14611967637793624
1452,1425.0893761081606,0.8601022478813513,0.09999569550055215,5.0,31.0,0.0,-1423.0979972089926,-0.1834360535736091,1.0072949732747305,0.13960040935270016
1453,1424.8916166297272,0.9998216562011173,0.10268267199251127,5.0,31.0,0.0,-1423.3629422890622,-0.27421843494942943,1.034307717980388,0.1462057525250245
1454,1427.0042124823,0.9992882168435873,0.13406260232242445,4.0,31.0,0.0,-1424.4417071425612,-0.2208451180153856,1.0197028102582182,0.14652282677452316
1455,1427.3450429901277,0.9965895931333633,0.11295602182469806,4.0,23.0,0.0,-1426.8575138174162,-0.20957849841435264,1.015772829917997,0.14532182290221474
1456,1426.5552805332543,0.5084471152535192,0.09999569550055215,3.0,15.0,0.0,-1419.11606507483,-0.19215490098348637,1.0120367190304544,0.1441327230310541
1457,1425.2811168296253,0.943290650223218,0.10268267199251127,5.0,47.0,0.0,-1422.4522352183117,-0.15245482221306358,0.9988473206295424,0.14779127094942174
1458,1426.0076044954835,0.8979488857296086,0.13406260232242445,3.0,15.0,0.0,-1424.9507751475057,-0.22975910852738962,1.0196162101691901,0.14750536997981392
1459,1425.9308451021434,0.9763769604207543,0.11295602182469806,5.0,31.0,0.0,-1425.592959299557,-0.1804558687050142,1.006440682239987,0.149554993808749
1460,1424.62720145779,0.9402266035418665,0.09999569550055215,4.0,31.0,0.0,-1424.0033734711733,-0.21560453861442608,1.0152466839233056,0.14012807189825047
1461,1426.0770376150451,0.954198374487285,0.10268267199251127,3.0,15.0,0.0,-1424.6688488806506,-0.16452971951488743,1.0020125600632,0.14626602585771048
1462,1426.7967637026225,0.7395433958935536,0.13406260232242445,3.0,15.0,0.0,-1422.7806283916989,-0.22932553445935658,1.020261828463258,0.146011311881703
1463,1426.418393981197,0.9770768366802163,0.11295602182469806,5.0,31.0,0.0,-1425.419770196625,-0.17532994793938772,1.0067661974891258,0.14461471038930812
1464,1425.481860947176,1.0,0.09999569550055215,2.0,3.0,0.0,-1424.589121466778,-0.20921313733439179,1.0171270023100787,0.14064294212323647
1465,1427.1063072598433,0.9992023944236711,0.10268267199251127,5.0,31.0,0.0,-1425.7728956882174,-0.20835163841350143,1.0146952070535338,0.14356266768042408
1466,1427.0391431381468,0.999650589577171,0.13406260232242445,4.0,23.0,0.0,-1426.2452976507846,-0.21452602682897706,1.016110685248094,0.1443442053268392
1467,1426.7372532196325,0.9962182959194715,0.11295602182469806,2.0,3.0,0.0,-1426.3647597065824,-0.17729597847409992,1.006210469724305,0.14445271533522971
1468,1424.6211009952162,0.8294423123308678,0.09999569550055215,5.0,31.0,0.0,-1423.3757601720708,-0.21674662416526486,1.020406295436706,0.142100941638972
1469,1426.885043066473,0.9205763906320895,0.10268267199251127,2.0,7.0,0.0,-1426.391986916866,-0.20673937329756795,1.015826034981981,0.1434678364646105
1470,1425.4609683922547,0.9645003174939573,0.13406260232242445,4.0,31.0,0.0,-1422.9862681875795,-0.1560821796685692,0.9994825425387946,0.14391567459376017
1471,1426.4767640550583,0.9533706161959468,0.11295602182469806,5.0,31.0,0.0,-1426.0518932870962,-0.18176858161055265,1.0064746851789221,0.14670970820521856
1472,1426.1363438999483,0.7579657653396004,0.09999569550055215,4.0,31.0,0.0,-1420.5731668089898,-0.17879444691727184,1.0072144105694023,0.14176445271469726
1473,1426.8593879660248,0.9357011378935485,0.10268267199251127,4.0,23.0,0.0,-1425.839376742521,-0.20098487152509079,1.014393855237113,0.1461853304591932
1474,1424.950367153975,0.9902624150301179,0.13406260232242445,3.0,15.0,0.0,-1424.475064218085,-0.14916174581418204,0.9984443359381674,0.14285493875469712
1475,1426.6950344036784,0.9618372200142173,0.11295602182469806,5.0,31.0,0.0,-1425.4800897734444,-0.19047027874170272,1.0093372162974052,0.14786492366378218
1476,1426.0527194357376,0.9304621580628333,0.09999569550055215,5.0,31.0,0.0,-1424.6545546505333,-0.1962669966198159,1.0117659814281381,0.14042230226467484
1477,1426.4982026415323,0.8356079450664217,0.10268267199251127,3.0,15.0,0.0,-1424.7600659502045,-0.19877115940651785,1.0109069630409857,0.1466090912961558
1478,1424.6439165561706,0.9961295029230954,0.13406260232242445,5.0,31.0,0.0,-1423.2875717091517,-0.16780080169351386,1.003020395064283,0.15158605479124332
1479,1426.337368218559,0.9863169893929805,0.11295602182469806,3.0,15.0,0.0,-1425.8744130508665,-0.18386227384347975,1.0077715577388875,0.1490139417730955
1480,1426.975511410938,0.999174205663088,0.09999569550055215,3.0,11.0,0.0,-1425.7438985281506,-0.198773169671009,1.0124230218486334,0.142783199379718
1481,1425.1164701863547,0.9958219200936347,0.10268267199251127,5.0,31.0,0.0,-1424.3255569704802,-0.24510990641419558,1.0274653936598372,0.1495390098047312
1482,1424.0171805435232,0.9603398823764383,0.13406260232242445,5.0,31.0,0.0,-1421.553157137764,-0.2500288364641595,1.0272020053181656,0.13866836303149585
1483,1427.2596644103332,0.9997910896507679,0.11295602182469806,4.0,31.0,0.0,-1425.583435274474,-0.2119944017125054,1.0167403754072948,0.14620378029001757
1484,1426.5673630319206,0.9486256033789728,0.09999569550055215,5.0,31.0,0.0,-1426.0033030678624,-0.2398976462534613,1.0234309512594137,0.1458543828272845
1485,1423.449807620781,0.9816125464055252,0.10268267199251127,5.0,31.0,0.0,-1421.9481711420513,-0.2808404441059975,1.0356095606153755,0.14153106760162945
1486,1424.0171805435232,0.41426903074715193,0.13406260232242445,1.0,3.0,0.0,-1421.521082337134,-0.2500288364641595,1.0272020053181656,0.13866836303149585
1487,1426.7601590327577,0.97119834200298,0.11295602182469806,4.0,31.0,0.0,-1425.8290825029048,-0.18556094535538445,1.0077410783773373,0.14583026197183252
1488,1425.3008215289683,0.9993506574658626,0.09999569550055215,5.0,31.0,0.0,-1424.6465586383163,-0.23180324021908208,1.0213969093461177,0.13967581550091554
1489,1421.8862994743574,0.807505118560447,0.10268267199251127,5.0,31.0,0.0,-1420.8332091775344,-0.2717737711994633,1.0311333343472693,0.14008445725061675
1490,1426.0590023611674,0.8563817337846061,0.13406260232242445,4.0,15.0,0.0,-1422.7207886324175,-0.21597472725258388,1.0192220374627234,0.14262540967101
1491,1425.591768569007,0.997987941170348,0.11295602182469806,4.0,31.0,0.0,-1424.821295539417,-0.19752436651583788,1.0130924283988327,0.15108196435323942
1492,1424.74730070273,0.9982773639376731,0.09999569550055215,5.0,63.0,0.0,-1423.5261567696336,-0.2556921334531858,1.0297392323259535,0.15056804850628336
1493,1422.774216209485,0.9990523911596998,0.10268267199251127,2.0,7.0,0.0,-1421.0864983468448,-0.26150761204767237,1.0332453066865008,0.14154573503830267
1494,1422.8740170550764,0.9931737013039742,0.13406260232242445,4.0,15.0,0.0,-1422.5128349291265,-0.2492013089000542,1.0289243022849563,0.13862431685946072
1495,1425.9298320566154,0.9399238693447451,0.11295602182469806,4.0,31.0,0.0,-1423.6407036559733,-0.18235320714613834,1.0059128346861559,0.14603558164819297
1496,1424.5003100733202,0.9776197594760853,0.09999569550055215,2.0,3.0,0.0,-1424.4615576390165,-0.2548929867606887,1.0300338203346409,0.15050249770677357
1497,1423.1884124260953,1.0,0.10268267199251127,1.0,1.0,0.0,-1422.5403702951128,-0.261916447209156,1.0331026243403194,0.1416421447257154
1498,1426.165617768352,0.9989515842066972,0.13406260232242445,4.0,15.0,0.0,-1422.758773524265,-0.24877879422844548,1.0259042735913937,0.14597801761049145
1499,1426.4012935573808,0.9904312474443263,0.11295602182469806,5.0,35.0,0.0,-1424.205703254743,-0.2076896251824766,1.01347765535484,0.14765308916358427
1500,1424.4425292574592,0.9904205925791966,0.09999569550055215,4.0,15.0,0.0,-1423.752993661503,-0.268404302432697,1.0324353474237358,0.15005001026391768
1501,1423.468682149372,0.9907588495073142,0.10268267199251127,6.0,63.0,0.0,-1422.4626451812248,-0.27272317743251046,1.0315333931319883,0.14384822209156767
1502,1425.5732805115438,0.9858322410153246,0.13406260232242445,5.0,63.0,0.0,-1425.2803930570046,-0.16134588356756194,1.0028107911667727,0.14349924999618865
1503,1426.2970186927478,0.9974359690761145,0.11295602182469806,5.0,63.0,0.0,-1424.9595408476714,-0.1675621187688991,1.0041245339782219,0.14562272025212622
1504,1424.8430229502126,0.7679738506611453,0.09999569550055215,5.0,31.0,0.0,-1421.3465221964584,-0.268533903486863,1.0336076249918753,0.14389348822395454
1505,1425.718801140504,0.9993657628220823,0.10268267199251127,5.0,31.0,0.0,-1423.224362720054,-0.25560265594352677,1.0293937987671489,0.14803754257752494
1506,1426.598203895054,0.9688240253595529,0.13406260232242445,4.0,31.0,0.0,-1424.3912376454118,-0.1879646633038092,1.0096256894065037,0.1486592573802736
1507,1426.2643939149966,0.7782542199009972,0.11295602182469806,2.0,7.0,0.0,-1424.4766251163571,-0.16671403693057452,1.002900781376593,0.1447020189896548
1508,1426.4313181518548,0.9994526386725733,0.09999569550055215,5.0,31.0,0.0,-1424.2677017352182,-0.1956736720593139,1.0111523094569783,0.1494432868559626
1509,1425.5962982789024,0.9268428218054977,0.10268267199251127,2.0,3.0,0.0,-1425.0155362801436,-0.25841079468375805,1.0296615665374316,0.1482903028937632
1510,1426.5782373235627,0.9872185012460917,0.13406260232242445,5.0,31.0,0.0,-1426.2710523919036,-0.224418208326208,1.019548033023976,0.1418517261884962
1511,1427.2167269593367,0.9992544295610277,0.11295602182469806,5.0,31.0,0.0,-1425.5121786027362,-0.2228946237418087,1.0193593895961905,0.1447141736164819
1512,1426.1997677999439,0.924351836299275,0.09999569550055215,5.0,31.0,0.0,-1425.375818012462,-0.18470494295526046,1.009814035146832,0.14284360855875727
1513,1426.913347594178,0.9681796980956725,0.10268267199251127,5.0,31.0,0.0,-1424.7482138152973,-0.22394196527063795,1.0194434897134563,0.14781919164125565
1514,1423.6766582929642,0.9005070398061928,0.13406260232242445,4.0,31.0,0.0,-1422.6539249764332,-0.2232686103281297,1.0207623160007326,0.15395396116092158
1515,1427.1690196885042,0.9549522187295523,0.11295602182469806,5.0,35.0,0.0,-1426.618922519627,-0.20465068321271,1.01490941127769,0.14447960664304615
1516,1426.6694541386307,0.9869476055580295,0.09999569550055215,5.0,35.0,0.0,-1425.771035887969,-0.2248572999536305,1.0213828942332697,0.1456676699487686
1517,1426.3900345640789,0.9827741851838612,0.10268267199251127,5.0,63.0,0.0,-1426.171943728751,-0.21248551509847294,1.0157704538975838,0.1412745403605129
1518,1424.8187198946114,0.9966378832985571,0.13406260232242445,5.0,31.0,0.0,-1419.9711251236745,-0.26873783368979304,1.0337793509394988,0.14707451207192848
1519,1426.9804306286487,0.9636223862291555,0.11295602182469806,4.0,19.0,0.0,-1426.7939440787868,-0.19958714775206549,1.0138046207035418,0.14595120830831274
1520,1426.7664912766666,0.9641318557360219,0.09999569550055215,4.0,31.0,0.0,-1425.810268974239,-0.20241355360547683,1.0146556297042877,0.14761133129295204
1521,1424.9295444442178,0.9734523874744022,0.10268267199251127,5.0,31.0,0.0,-1424.8334097977975,-0.249170486946328,1.025872796933523,0.15057926356877863
1522,1425.687646453274,0.8553315662735227,0.13406260232242445,5.0,31.0,0.0,-1422.6922802720348,-0.21510003270481828,1.018572053874501,0.1406697579362678
1523,1427.0692376224936,0.9998152242740596,0.11295602182469806,4.0,27.0,0.0,-1426.5063736726142,-0.21120070355970852,1.0169503116480352,0.146586544871698
1524,1426.2034494184536,0.9909291252188795,0.09999569550055215,5.0,31.0,0.0,-1425.6714639356294,-0.16644424227487414,1.0025754562381104,0.14542039584173727
1525,1426.852654250408,0.9995737052259037,0.10268267199251127,5.0,35.0,0.0,-1424.7392491022983,-0.20275164834298157,1.0127369895972878,0.14315255506376695
1526,1425.7584099074393,0.9534792554711939,0.13406260232242445,5.0,31.0,0.0,-1424.6390999197672,-0.24360169464653167,1.0236290349267034,0.1464438524061307
1527,1425.5426443040838,0.9730979040890358,0.11295602182469806,4.0,31.0,0.0,-1424.3170716240916,-0.25481939919053076,1.0276606558884243,0.1483041153935162
1528,1426.2423216925793,0.6882288116608026,0.09999569550055215,3.0,15.0,0.0,-1422.2009090964177,-0.18726171735338884,1.0108957870533672,0.14435702153712576
1529,1427.2793317010178,0.9990154847465891,0.10268267199251127,3.0,15.0,0.0,-1426.6612977743732,-0.20103724518356433,1.0131799718386902,0.14443203183735467
1530,1427.0271622289931,0.9594562436524864,0.13406260232242445,4.0,19.0,0.0,-1424.8728199671666,-0.2264028313011242,1.0200339254966266,0.14392906126990654
1531,1424.4173205401905,0.9827243147703334,0.11295602182469806,5.0,31.0,0.0,-1423.276161293098,-0.22705982899873023,1.0219912472181767,0.13881709237526862
1532,1427.0536372385072,0.9597327116894924,0.09999569550055215,1.0,3.0,0.0,-1426.0339139923462,-0.19104572353503663,1.009776020784011,0.14444556713251125
1533,1427.2451844151526,0.7631840839843851,0.10268267199251127,3.0,15.0,0.0,-1424.8790091638357,-0.1973803123034272,1.01178491605598,0.14543267887660039
1534,1427.2733481614541,0.9918422372752089,0.13406260232242445,4.0,19.0,0.0,-1426.2876262316388,-0.2166888546191682,1.0174726724037468,0.1461580909619211
1535,1423.304717822792,0.9981230728600514,0.11295602182469806,4.0,15.0,0.0,-1422.8164105329597,-0.22177518098691912,1.0178533774225829,0.1372058680817135
1536,1426.0848675481284,0.9854099165526851,0.09999569550055215,5.0,47.0,0.0,-1425.3167866896972,-0.24769579227242902,1.026292298585318,0.14265569080793145
1537,1426.3968608819991,0.997964245289413,0.10268267199251127,5.0,31.0,0.0,-1426.244974967122,-0.247188405434178,1.0261564758764414,0.1468658912969096
1538,1426.9320588847795,0.9230991511130598,0.13406260232242445,3.0,15.0,0.0,-1425.9389125438831,-0.22121175144306593,1.019619570128471,0.14748303239128863
1539,1421.9178024733942,0.9828324693583264,0.11295602182469806,2.0,7.0,0.0,-1420.8484272193407,-0.21689360926101428,1.019240395211223,0.13594457808533064
1540,1427.258627788125,0.9999998167190591,0.09999569550055215,5.0,47.0,0.0,-1425.7811134489082,-0.2052518198969466,1.0147661974799551,0.14630858854639037
1541,1426.1789292534224,0.9592271144527375,0.10268267199251127,5.0,31.0,0.0,-1424.6104114481336,-0.25092801118552255,1.0267475042592422,0.14582411541143206
1542,1427.185788766537,0.9975601780565635,0.13406260232242445,4.0,31.0,0.0,-1426.5079464611097,-0.20403400449346576,1.0133389448553267,0.14596387951812634
1543,1421.564133373614,0.4678432514552339,0.11295602182469806,2.0,3.0,0.0,-1416.965133086866,-0.21238873521245608,1.0185542141221346,0.13624926546138225
1544,1426.6130519976577,0.9498018541023187,0.09999569550055215,4.0,23.0,0.0,-1425.3908464352783,-0.19881436947813358,1.0118279432388442,0.14880378495814517
1545,1426.0975976850418,0.910371121003413,0.10268267199251127,3.0,15.0,0.0,-1425.0378940495482,-0.24845338793209834,1.0256517282756885,0.14539082629566843
1546,1426.612512097393,0.9647601538700217,0.13406260232242445,4.0,31.0,0.0,-1426.1741998556586,-0.17766374225485826,1.0069124882632343,0.14710228048183052
1547,1422.518293985949,0.9700819961211848,0.11295602182469806,2.0,7.0,0.0,-1420.6861658090847,-0.22150353440470827,1.0166735519068797,0.13774222051055718
1548,1426.7308125546224,0.9970551775291837,0.09999569550055215,5.0,31.0,0.0,-1426.2658917561268,-0.18415680048374658,1.0079854686333714,0.14767240426856867
1549,1426.1844187891375,0.9971341623858114,0.10268267199251127,2.0,3.0,0.0,-1425.9706739860521,-0.24585850846983665,1.0271927864506605,0.14521753463451362
1550,1426.0110574742714,0.8652338524828276,0.13406260232242445,4.0,31.0,0.0,-1424.6262269663516,-0.18146676750506663,1.0091417243465488,0.1433850655421571
1551,1424.5520461947583,0.9773837288718478,0.11295602182469806,2.0,7.0,0.0,-1422.453420465959,-0.21614570454985124,1.017653736275658,0.13800933542344582
1552,1426.287866371182,0.9411766489244332,0.09999569550055215,2.0,3.0,0.0,-1426.1984758494814,-0.18027304957310444,1.008382710884357,0.14763104596811877
1553,1425.4232503347093,0.9752845844377362,0.10268267199251127,5.0,31.0,0.0,-1424.886358739311,-0.25665031877736494,1.0280413797405896,0.14807654160996236
1554,1427.258155885739,0.9981511580533565,0.13406260232242445,5.0,31.0,0.0,-1425.062863531255,-0.21661752414906724,1.018073801414005,0.14497924668835538
1555,1426.430197194324,0.9979338401997802,0.11295602182469806,4.0,31.0,0.0,-1422.3586081377853,-0.21772446841883214,1.0181174114736333,0.1497240855854396
1556,1426.394077791266,0.9994699658826964,0.09999569550055215,5.0,31.0,0.0,-1425.7571192507914,-0.17051924814763905,1.0048197416516633,0.14416941176313422
1557,1426.709845877189,0.9997381202677366,0.10268267199251127,5.0,31.0,0.0,-1425.115962558203,-0.22746229243262397,1.0206276988229548,0.14236410046423217
1558,1426.065910472361,0.8507128590355406,0.13406260232242445,4.0,19.0,0.0,-1425.8990345421157,-0.1945673474948317,1.0133464426921368,0.14610453438111243
1559,1427.1287624025392,0.995980224612581,0.11295602182469806,4.0,15.0,0.0,-1426.1359028721615,-0.22282995919574394,1.0194410396843956,0.14687584803083029
1560,1425.4459279484179,0.7182736436091113,0.09999569550055215,2.0,3.0,0.0,-1424.8904634059754,-0.17331402407838875,1.0032530824881671,0.14410051882649616
1561,1426.868598558313,0.997616537218648,0.10268267199251127,4.0,31.0,0.0,-1424.7541207863653,-0.18343905963167034,1.007769013066328,0.14670903122466405
1562,1425.1629516456726,0.8045882888931549,0.13406260232242445,2.0,3.0,0.0,-1424.4778321340277,-0.20339153704341628,1.0110664076514193,0.14535804088690377
1563,1427.2450240649816,0.9920338623815278,0.11295602182469806,5.0,31.0,0.0,-1427.0653228040314,-0.20009815962205657,1.0128543512177477,0.1441809748842735
1564,1426.1132696969346,0.98146492993984,0.09999569550055215,3.0,11.0,0.0,-1425.166794741968,-0.17545508681561073,1.0071812307635664,0.1440628624011966
1565,1426.6586123944535,0.9386646046832373,0.10268267199251127,2.0,7.0,0.0,-1426.3824908677536,-0.18637372152573664,1.0078493420442234,0.14652280719353158
1566,1426.547122833426,1.0,0.13406260232242445,5.0,31.0,0.0,-1424.263732026797,-0.23205835932746552,1.0213424618015583,0.1481339919997828
1567,1427.1890979227674,0.9992200993239869,0.11295602182469806,5.0,47.0,0.0,-1426.9934019720097,-0.22360637897897714,1.0195735543970361,0.14448640366402063
1568,1426.0486616514124,0.9976828792828228,0.09999569550055215,5.0,63.0,0.0,-1425.4108491818604,-0.19613194360115627,1.01020188814042,0.14216278749949537
1569,1426.4714240759788,0.989087384977679,0.10268267199251127,2.0,7.0,0.0,-1426.283585345712,-0.1854675647480998,1.0073482932980362,0.14651379302025389
1570,1427.1254801673874,0.9999770471766344,0.13406260232242445,4.0,21.0,0.0,-1425.440158213283,-0.2220147574999387,1.0185428912584416,0.14495267550246738
1571,1426.8669103043355,0.9992761973316795,0.11295602182469806,5.0,39.0,0.0,-1426.1951882423666,-0.17992554511889514,1.0069387801132563,0.14558940852619817
1572,1426.763707014809,0.9999165106292318,0.09999569550055215,6.0,63.0,0.0,-1425.7177119335038,-0.23844068434362622,1.0236083823509505,0.14427756391361257
1573,1426.6806745073468,0.9581064415793432,0.10268267199251127,2.0,3.0,0.0,-1425.9063935559307,-0.18242319148803163,1.0069437294259578,0.14648418954759806
1574,1425.4896359418972,0.7273855330815017,0.13406260232242445,4.0,27.0,0.0,-1423.1129053910877,-0.18436542806886336,1.0064593012353515,0.14876520111903174
1575,1426.8902834364512,0.9748933917150254,0.11295602182469806,4.0,23.0,0.0,-1424.7555760458288,-0.18512524487797036,1.0092119060305298,0.14446062114633745
1576,1425.000858328425,0.9990944616824634,0.09999569550055215,4.0,15.0,0.0,-1424.7330445683522,-0.25152538252962636,1.0280634837870288,0.14046310851960386
1577,1426.9842694514318,0.9996654789242742,0.10268267199251127,5.0,43.0,0.0,-1426.5783075900747,-0.23064021087534067,1.0221362253745492,0.1445574452462716
1578,1424.7149385319813,0.9262425846343426,0.13406260232242445,4.0,31.0,0.0,-1423.808148475953,-0.18212890632077014,1.005251137271595,0.1489063003183041
1579,1426.2708228843344,0.9994921940419481,0.11295602182469806,4.0,15.0,0.0,-1426.1401951779746,-0.1674436906166491,1.0036705373996535,0.14400356786489205
1580,1425.000858328425,0.548658685963774,0.09999569550055215,1.0,3.0,0.0,-1423.0980672503729,-0.25152538252962636,1.0280634837870288,0.14046310851960386
1581,1425.9195037348384,0.93724807717356,0.10268267199251127,5.0,31.0,0.0,-1425.1948692251942,-0.16744853685947245,1.00474701416885,0.1445054711811129
1582,1425.6400504165613,0.9716140354096032,0.13406260232242445,5.0,31.0,0.0,-1424.2817882065735,-0.1674571834059264,1.005032451495597,0.1471349416199493
1583,1426.2708228843344,0.8556475457432746,0.11295602182469806,2.0,7.0,0.0,-1425.37782573724,-0.1674436906166491,1.0036705373996535,0.14400356786489205
1584,1426.4983034265317,0.8774936418654051,0.09999569550055215,5.0,31.0,0.0,-1422.592847656304,-0.1970081505434076,1.013414820451998,0.14325018358418246
1585,1425.1129211776922,0.9999767837271879,0.10268267199251127,5.0,31.0,0.0,-1424.8128732303155,-0.16224832812378615,1.0009868406698534,0.14180099433569227
1586,1426.374129203937,0.9994850054129688,0.13406260232242445,5.0,31.0,0.0,-1425.2702858527073,-0.2385272501418535,1.0251834314963717,0.14467053437840752
1587,1427.0179770709863,0.9997736621307238,0.11295602182469806,4.0,31.0,0.0,-1425.7461899197876,-0.19019498337161558,1.0098861536929105,0.14372062721592888
1588,1425.264097707513,0.9996291677717501,0.09999569550055215,5.0,31.0,0.0,-1424.4074161532862,-0.2569165220891056,1.03025735055332,0.14251349885222464
1589,1424.0411994335946,0.9974461639663021,0.10268267199251127,4.0,15.0,0.0,-1423.1483935585104,-0.17589839427700601,1.0048906168293932,0.1386482737190165
1590,1425.49342739926,0.998744434352605,0.13406260232242445,3.0,15.0,0.0,-1424.8585020706394,-0.2567303816936631,1.0304982577344894,0.1447089285391125
1591,1426.0847693730902,0.8704458243574394,0.11295602182469806,3.0,11.0,0.0,-1425.1151492783417,-0.18472035725111924,1.0099615666070423,0.1428466937039234
1592,1425.5658765737032,0.8816858162376108,0.09999569550055215,4.0,15.0,0.0,-1424.1347208043542,-0.251428041779264,1.0259960998889464,0.1455592749387914
1593,1422.2879670473349,0.8090417368800243,0.10268267199251127,5.0,31.0,0.0,-1421.7745764488654,-0.2230083484473247,1.0222710469374334,0.1536641148824898
1594,1425.974453386571,0.9992038059960052,0.13406260232242445,5.0,31.0,0.0,-1424.4083153247404,-0.1626079086675862,1.0015198503963774,0.1465764926057334
1595,1426.6472026845456,0.9982581609893623,0.11295602182469806,4.0,23.0,0.0,-1425.4121042275303,-0.1960690278807944,1.0105240524315229,0.1474391485874832
1596,1425.45071650232,0.9888099498660806,0.09999569550055215,6.0,63.0,0.0,-1424.739078853656,-0.25936901919766625,1.0290738900290528,0.14787641054936146
1597,1423.794369047226,0.9128996011984434,0.10268267199251127,4.0,31.0,0.0,-1420.4868914790834,-0.1978476505581764,1.0157415056822237,0.1472649828119237
1598,1424.8767020557696,0.9376384439883617,0.13406260232242445,5.0,31.0,0.0,-1424.3695495601671,-0.15780188033919026,1.0019693251155346,0.14212136715401474
1599,1426.3024370832652,0.9985189938259281,0.11295602182469806,4.0,31.0,0.0,-1425.5486572957734,-0.21239746076072474,1.015228869028178,0.14912824290564755
1600,1424.4299124837505,0.7198941298774372,0.09999569550055215,2.0,3.0,0.0,-1422.5950232884968,-0.2621203038012427,1.0286422917368183,0.14733187534679915
1601,1425.3660257254808,0.9279654346640741,0.10268267199251127,3.0,11.0,0.0,-1421.3906152837255,-0.19999598971067073,1.0143564479498204,0.15088264612518568
1602,1426.2302499012017,0.9939883615466759,0.13406260232242445,4.0,31.0,0.0,-1423.1701138942117,-0.18539572912224894,1.008423973669413,0.14955988951762333
1603,1425.5416184072044,0.9732352547992177,0.11295602182469806,5.0,31.0,0.0,-1425.0133504536195,-0.17073106464883744,1.0027309632512869,0.14392573339773956
1604,1422.9232096471003,0.9375016876310225,0.09999569550055215,5.0,31.0,0.0,-1420.8284548562915,-0.23755229401105507,1.025723198069356,0.13825304271504493
1605,1424.932433232463,0.9667197270415219,0.10268267199251127,5.0,31.0,0.0,-1423.5069907357315,-0.15792642962888123,1.000709059652578,0.14117636615285378
1606,1427.1587288912626,0.9694856139995989,0.13406260232242445,5.0,31.0,0.0,-1425.3349734549279,-0.21201621931744993,1.0170289714673497,0.14435417686493043
1607,1426.6412143186358,0.9993662842419982,0.11295602182469806,3.0,15.0,0.0,-1425.2665996428018,-0.18251802515737728,1.00683131663952,0.14476463835071146
1608,1425.2773211798435,1.0,0.09999569550055215,5.0,63.0,0.0,-1421.9179634893262,-0.259820498644415,1.0289207584471332,0.14336958365677982
1609,1423.257806478216,0.8199508806323609,0.10268267199251127,5.0,31.0,0.0,-1421.0767485978292,-0.16459955998023795,1.0024617602097354,0.1379098272350966
1610,1426.5527754654413,0.9070672956553077,0.13406260232242445,4.0,19.0,0.0,-1425.8607676994482,-0.23434948890157709,1.0239599780915998,0.14534484857000182
1611,1424.932283400347,0.6605126491711233,0.11295602182469806,5.0,35.0,0.0,-1422.328931714331,-0.2346537324813284,1.025314478735167,0.1431881323282159
1612,1425.432619798534,0.9245869603456828,0.09999569550055215,2.0,3.0,0.0,-1424.603503732517,-0.25575962527383594,1.0300705548951419,0.14326415462020195
1613,1426.4390729890538,0.9961232738054328,0.10268267199251127,4.0,15.0,0.0,-1422.8198330208165,-0.19782750834012255,1.0124320824510475,0.14123099852186852
1614,1426.916278268122,0.9989045647402804,0.13406260232242445,5.0,31.0,0.0,-1426.4209007410984,-0.20996438964379038,1.0145461105066207,0.14448529099839408
1615,1426.249969170621,1.0,0.11295602182469806,1.0,3.0,0.0,-1425.1574681359014,-0.2368189757412384,1.0245748162279877,0.1429994461184225
1616,1425.879893333678,0.9909944777224606,0.09999569550055215,5.0,63.0,0.0,-1423.7342329708404,-0.18728307413050604,1.009948550105584,0.15025747806561848
1617,1426.214324910502,0.9511163866041051,0.10268267199251127,5.0,39.0,0.0,-1424.7019362361764,-0.24466611747818265,1.0246069543273,0.14672955743725669
1618,1427.1788402549873,0.9789948769201373,0.13406260232242445,4.0,23.0,0.0,-1426.6012381870537,-0.2064669679968407,1.0155089708892262,0.14534749974474936
1619,1426.4735990061579,0.9987049429664381,0.11295602182469806,2.0,7.0,0.0,-1426.0932873833035,-0.23732985872797646,1.0227642406683255,0.143273115287788
1620,1424.6780217969529,0.999884827825139,0.09999569550055215,4.0,15.0,0.0,-1424.474203592248,-0.1731415129613999,1.00430304363739,0.15174662559201094
1621,1426.3909157629123,0.9772045084469654,0.10268267199251127,6.0,63.0,0.0,-1425.558820928533,-0.17614302938083362,1.0049350442738227,0.14606299460204517
1622,1427.2237841400172,0.999874156127166,0.13406260232242445,3.0,15.0,0.0,-1427.0344764771285,-0.2005318281305957,1.012601591761502,0.1444419755246568
1623,1425.532340340921,0.8207034113025901,0.11295602182469806,4.0,19.0,0.0,-1424.8324654133776,-0.23063213374901378,1.0240047856906516,0.14512523821547035
1624,1424.289854612333,0.9856494061771706,0.09999569550055215,2.0,7.0,0.0,-1424.0910739633848,-0.16799280575310743,1.0043077297016658,0.15225223465693116
1625,1426.9999855284316,0.9843787189483397,0.10268267199251127,5.0,31.0,0.0,-1425.9128975254857,-0.20395754220239254,1.0141456403204838,0.14802254285261293
1626,1425.4998155197247,0.9419118629828415,0.13406260232242445,5.0,31.0,0.0,-1424.9600936394077,-0.2473185455941517,1.0254009566695181,0.14173847422993732
1627,1425.9602793176318,0.9773813338975587,0.11295602182469806,4.0,19.0,0.0,-1422.4931546017833,-0.25551034375637904,1.0294015316817653,0.14456923155359003
1628,1425.700261230876,0.8508558409130631,0.09999569550055215,5.0,31.0,0.0,-1422.4775744705044,-0.25130530230028386,1.0270907550594661,0.14214423741840337
1629,1426.4350768081604,0.9665025513421112,0.10268267199251127,5.0,63.0,0.0,-1425.9165210320411,-0.17457864996563185,1.00471008624865,0.14457272759906964
1630,1425.4998155197247,0.6869229378890657,0.13406260232242445,1.0,1.0,0.0,-1424.6067403874233,-0.2473185455941517,1.0254009566695181,0.14173847422993732
1631,1425.9323296073921,0.9925212548348991,0.11295602182469806,4.0,15.0,0.0,-1425.8023125795553,-0.2572739974664028,1.028813625160428,0.14510381666653321
1632,1423.6620924780639,0.6903295259817315,0.09999569550055215,5.0,31.0,0.0,-1420.7077243160693,-0.24858471097974416,1.0293242764461317,0.1504971836519944
1633,1426.8434074767654,0.9999775636878993,0.10268267199251127,5.0,31.0,0.0,-1426.1338359890797,-0.1965819542782777,1.0125892656468214,0.14291949404978416
1634,1425.4998155197247,0.6381090093684921,0.13406260232242445,1.0,3.0,0.0,-1423.3296380268755,-0.2473185455941517,1.0254009566695181,0.14173847422993732
1635,1425.6895001820885,0.855007583964456,0.11295602182469806,3.0,15.0,0.0,-1423.9365811263683,-0.245450360394322,1.0241852421254063,0.1444730959365043
1636,1423.9487998401373,1.0,0.09999569550055215,2.0,3.0,0.0,-1423.2766738350292,-0.252196272212597,1.0256654411529333,0.15038711766922194
1637,1426.4117840373233,0.9358850057724029,0.10268267199251127,4.0,31.0,0.0,-1425.4408784942293,-0.2283022156502845,1.0194438191729789,0.14446347137911233
1638,1423.677270134966,0.9186758530313526,0.13406260232242445,5.0,35.0,0.0,-1422.4779599246467,-0.14000042220197534,0.9967923123508651,0.14949817553305567
1639,1424.6604542441137,0.9357434076424186,0.11295602182469806,5.0,31.0,0.0,-1424.3961164076272,-0.2513586328853606,1.0252537453302508,0.14719505235787964
1640,1426.067753974412,0.9974411887516296,0.09999569550055215,5.0,63.0,0.0,-1423.4967247796671,-0.24460425932419244,1.0261585412576153,0.14229692606008526
1641,1426.4117840373233,0.7157288180708438,0.10268267199251127,1.0,1.0,0.0,-1425.313875441142,-0.2283022156502845,1.0194438191729789,0.14446347137911233
1642,1423.0071538598165,0.9320744573226055,0.13406260232242445,3.0,7.0,0.0,-1422.794952538388,-0.14058907269803242,0.9976387400027231,0.15003708825768464
1643,1423.9481585687424,0.9946346979295928,0.11295602182469806,5.0,63.0,0.0,-1422.528573076505,-0.1952382500546365,1.0140469110076111,0.15142233108802733
1644,1426.032769916288,0.9637830895722604,0.09999569550055215,2.0,3.0,0.0,-1425.7871056695765,-0.24578240006604565,1.0260220448911663,0.14213171673101188
1645,1426.1303297818554,0.9041486713772997,0.10268267199251127,4.0,23.0,0.0,-1422.917127254063,-0.2043733369798108,1.0146147554403835,0.15039635333135679
1646,1420.913757136058,0.8412582393240852,0.13406260232242445,2.0,3.0,0.0,-1420.6501559099656,-0.15205441235898454,0.995360661477822,0.1500215824874577
1647,1425.285699116791,0.9950413412878736,0.11295602182469806,3.0,11.0,0.0,-1423.0190194975614,-0.2040846454750197,1.0117334300045677,0.1490346181474154
1648,1425.826023382978,0.9856797409756866,0.09999569550055215,5.0,31.0,0.0,-1425.011186513302,-0.22996539940078534,1.0209567696986852,0.14048703216869915
1649,1425.7717410553319,0.993370973609435,0.10268267199251127,5.0,47.0,0.0,-1425.2303362155203,-0.2198496654436535,1.0193301032646083,0.1508636936595352
1650,1422.5980145836115,0.8321703319763928,0.13406260232242445,2.0,3.0,0.0,-1419.1566041556184,-0.14078754615583908,0.9983735285993722,0.14893862751970038
1651,1424.528694661992,0.9504246314886103,0.11295602182469806,2.0,7.0,0.0,-1423.8605378688062,-0.20403635182372448,1.0112474119053871,0.1493942704757541
1652,1425.9063513068004,0.9808275928038098,0.09999569550055215,2.0,3.0,0.0,-1425.6708666110628,-0.22813360131126623,1.0213335693397814,0.14048715949888074
1653,1426.6341979097162,0.996496624177809,0.10268267199251127,5.0,31.0,0.0,-1420.8311121311733,-0.2317226890697964,1.02127401002958,0.1478460503179402
1654,1424.458586461861,0.997480577543524,0.13406260232242445,3.0,11.0,0.0,-1422.5984975774988,-0.15219381691798328,0.9977221371490366,0.14896425499295934
1655,1426.1275542285427,0.859249899564816,0.11295602182469806,1.0,3.0,0.0,-1423.1722747753483,-0.19690935463014017,1.0131828722415692,0.14945409485755762
1656,1425.097689202278,0.7134918506867999,0.09999569550055215,5.0,31.0,0.0,-1423.1903787987826,-0.20614511011636377,1.0120873590408315,0.14263404238701843
1657,1426.6916770593905,0.9796191543171745,0.10268267199251127,2.0,3.0,0.0,-1426.4252500880434,-0.2314527619419239,1.021354855324014,0.1478586623301679
1658,1424.2011845398392,0.8136529298515779,0.13406260232242445,2.0,7.0,0.0,-1422.7883985227709,-0.14866231592181625,0.9968913009486253,0.14948968528769258
1659,1426.6771261479953,0.990182743933225,0.11295602182469806,2.0,7.0,0.0,-1425.9459820481068,-0.19803376902647074,1.0123916946217588,0.14899143610132842
1660,1425.802675445966,0.9017033764019416,0.09999569550055215,4.0,19.0,0.0,-1423.2159007742493,-0.22075698369295552,1.0190328889584834,0.1399619620488064
1661,1424.535330621162,0.7203504335415047,0.10268267199251127,2.0,7.0,0.0,-1424.190991190085,-0.22506855748357404,1.023072311725636,0.14743335826552253
1662,1423.1969066707643,0.8603475543542054,0.13406260232242445,5.0,31.0,0.0,-1420.1892085962322,-0.17049998381061915,1.0061684478747697,0.1386390131901795
1663,1426.5305198243568,0.9406014557041903,0.11295602182469806,5.0,31.0,0.0,-1425.6644442236168,-0.17443589259371442,1.0059050498129094,0.14698366697576876
1664,1427.2461877070298,0.9989397882115586,0.09999569550055215,4.0,31.0,0.0,-1424.9793818855455,-0.2034992226210615,1.0137879113484611,0.14397730178948154
1665,1424.557731699346,0.9681033012699208,0.10268267199251127,2.0,3.0,0.0,-1423.7102884478124,-0.2346183404706365,1.0199329379658326,0.14718683986337777
1666,1423.1625407529914,1.0,0.13406260232242445,2.0,3.0,0.0,-1422.6067533449402,-0.17179970054868543,1.006514678436789,0.13847267505266522
1667,1425.8575862164507,0.9994324979661943,0.11295602182469806,5.0,31.0,0.0,-1425.101829523224,-0.24356831649769511,1.0253100277902158,0.14140160403321061
1668,1425.180369944987,0.4917022589408648,0.09999569550055215,2.0,3.0,0.0,-1423.719175226507,-0.2056142402194429,1.011742176655079,0.14454786876078288
1669,1427.010301052274,1.0,0.10268267199251127,2.0,3.0,0.0,-1424.4820620756686,-0.22995008731922204,1.0216277748957092,0.1466521602413576
1670,1427.071085919461,0.78744493311912,0.13406260232242445,5.0,31.0,0.0,-1421.0037385089236,-0.23061658674595104,1.0215926621214322,0.14573038263982863
1671,1426.0048560172877,0.9975368307097726,0.11295602182469806,4.0,15.0,0.0,-1425.7433031569817,-0.245609983303979,1.0258287789240865,0.14204082985284863
1672,1427.0629125381229,0.8783392243278637,0.09999569550055215,4.0,23.0,0.0,-1423.1689078782692,-0.1967549866489891,1.0127837939466902,0.1449250350106317
1673,1426.0990168387254,0.946558128448824,0.10268267199251127,5.0,63.0,0.0,-1425.397093958215,-0.18598431023169848,1.0075614802721191,0.1487082278879341
1674,1426.915047325205,0.991071482706501,0.13406260232242445,3.0,11.0,0.0,-1426.7425319086062,-0.23462593838152965,1.0231735220701643,0.14598857608149848
1675,1426.6103881641031,0.8159537940601119,0.11295602182469806,5.0,31.0,0.0,-1424.7206847410764,-0.24191110348851064,1.0255243730531947,0.14572407836809967
1676,1426.4001813998243,0.8889880698837725,0.09999569550055215,3.0,15.0,0.0,-1425.2244229687306,-0.18456801811559834,1.009925934571913,0.14581793753841846
1677,1426.2035159730196,0.8799845037190432,0.10268267199251127,4.0,31.0,0.0,-1424.2657158180048,-0.19911913992377164,1.0145905715930625,0.14503455886913763
1678,1427.0187307227882,0.9355465865934022,0.13406260232242445,5.0,31.0,0.0,-1425.4721925686779,-0.19129395657189746,1.010189089435888,0.1435929931600954
1679,1427.0105962291802,0.9942342435521524,0.11295602182469806,5.0,31.0,0.0,-1426.2053814332346,-0.19123846099536418,1.0095971587098702,0.1451776042836563
1680,1426.7363065325833,0.9939751854496638,0.09999569550055215,5.0,31.0,0.0,-1425.341484971764,-0.2150364198154216,1.0157461880036571,0.14499056996280504
1681,1424.7904139219047,0.9957628824991753,0.10268267199251127,4.0,19.0,0.0,-1423.3586766973276,-0.20938710807293595,1.01594405118399,0.13832287730198267
1682,1426.1847471594428,0.7553852907018639,0.13406260232242445,2.0,7.0,0.0,-1425.1955515636923,-0.18780490221935195,1.0111234335593413,0.1443476769639455
1683,1425.9775586653102,0.9540519836330726,0.11295602182469806,4.0,31.0,0.0,-1424.4655597933752,-0.19908496179118015,1.0114539689624735,0.14102972302298564
1684,1423.1494869272028,0.7758948831146731,0.09999569550055215,4.0,27.0,0.0,-1420.6965145380761,-0.1868488571846497,1.011974812801387,0.14002406136091816
1685,1426.3451932792896,0.9789183901933872,0.10268267199251127,5.0,31.0,0.0,-1423.761592189181,-0.17087405888214843,1.0048555618362736,0.14728783445789928
1686,1425.369084295751,0.8062825238196518,0.13406260232242445,3.0,15.0,0.0,-1423.0722746403305,-0.2067918889096828,1.0121679742359053,0.14533884325368465
1687,1426.1529732326228,0.9831953786665133,0.11295602182469806,4.0,15.0,0.0,-1425.463777757389,-0.20880389912691427,1.0141864076248026,0.14140316205208253
1688,1422.69939916921,0.997501230210214,0.09999569550055215,4.0,15.0,0.0,-1420.508202042911,-0.1690285613251244,1.0026872636246766,0.13757167709404777
1689,1427.2437828881066,0.98462244945956,0.10268267199251127,5.0,31.0,0.0,-1425.9994136382193,-0.21362365196150854,1.0162049216475622,0.1453978141026381
1690,1423.879030288583,0.8586545402123691,0.13406260232242445,3.0,15.0,0.0,-1422.0185944720415,-0.18553525588815056,1.0120197008740714,0.14415658036713588
1691,1427.0354019738486,0.8983058738152938,0.11295602182469806,4.0,19.0,0.0,-1424.9264656470632,-0.19967027392686032,1.012339105616552,0.14749374001728136
1692,1424.4835170761226,0.7796330737577876,0.09999569550055215,2.0,7.0,0.0,-1420.7218109276987,-0.1703701097599925,1.0045146437859993,0.13913982960155966
1693,1425.734680648234,0.8533259948020898,0.10268267199251127,4.0,19.0,0.0,-1425.4307080683975,-0.2246867501863661,1.0176896737170869,0.14475845431282808
1694,1426.0191089265243,0.9965776370292597,0.13406260232242445,4.0,23.0,0.0,-1423.8336536929687,-0.2132965353794273,1.0146675747609701,0.14359562406199478
1695,1426.4105589181063,0.9697352334338795,0.11295602182469806,5.0,31.0,0.0,-1426.1996993427342,-0.1745431628269954,1.0063157894687573,0.14387113074816296
1696,1425.7408363926843,0.9858242238141739,0.09999569550055215,5.0,31.0,0.0,-1423.397700364359,-0.17299992780418763,1.0049688299574737,0.14984186572737013
1697,1427.0561447977775,1.0,0.10268267199251127,2.0,3.0,0.0,-1425.9411681324784,-0.21777505957322865,1.0188652662832773,0.14461610910301576
1698,1426.1060924898889,0.995067736007563,0.13406260232242445,2.0,7.0,0.0,-1425.7973023895042,-0.20841844802164092,1.0171735441551542,0.14319069137435053
1699,1425.9725322472666,0.8188501023417498,0.11295602182469806,2.0,7.0,0.0,-1425.0121598027977,-0.17570638202392955,1.004522958899459,0.143360916116325
1700,1423.373949254679,0.8280465888692878,0.09999569550055215,5.0,47.0,0.0,-1422.1663526073544,-0.1967477268469828,1.0140319680726002,0.1533760754107326
1701,1425.5759060516743,0.7384296094679775,0.10268267199251127,3.0,11.0,0.0,-1423.6874121123492,-0.21776685277480246,1.0203449800068842,0.1437827758312916
1702,1426.6397819801696,0.997018917873741,0.13406260232242445,4.0,19.0,0.0,-1424.3955060517235,-0.21441098068838213,1.015439644335913,0.14562286495563698
1703,1426.1194274195482,0.9999203595700712,0.11295602182469806,5.0,31.0,0.0,-1425.082439306877,-0.17060548732874128,1.0042777455510117,0.14838479324523213
1704,1424.3205714755134,0.8482513497004661,0.09999569550055215,2.0,7.0,0.0,-1421.8816287616357,-0.20250048081773317,1.0123213932762216,0.15306742704368664
1705,1427.1233528121786,1.0,0.10268267199251127,4.0,31.0,0.0,-1425.3368401055397,-0.1928236712001534,1.011250430289656,0.14454785985931995
1706,1426.7635431622314,0.9955926096762148,0.13406260232242445,4.0,27.0,0.0,-1424.9159791566792,-0.18088094825594797,1.007131974960725,0.14703999084779512
1707,1425.9620184080175,0.9845136195339432,0.11295602182469806,2.0,7.0,0.0,-1425.9197047297034,-0.17070631743308037,1.0038198205776077,0.14858535933017206
1708,1424.9767191018304,0.9959735350721084,0.09999569550055215,5.0,31.0,0.0,-1422.009316969775,-0.16443467479300955,1.0028113209808933,0.15078871575318864
1709,1426.4571928418688,0.9988892120744409,0.10268267199251127,4.0,31.0,0.0,-1425.758695789904,-0.20787495695378957,1.0148673765490974,0.14973322586354135
1710,1425.5971003016193,0.8108276133494235,0.13406260232242445,4.0,23.0,0.0,-1424.5081453936095,-0.22567267365660648,1.0180312425827374,0.1433992676413701
1711,1426.7138541732581,0.9996855168401337,0.11295602182469806,5.0,31.0,0.0,-1424.860070152598,-0.2327432839057751,1.0228527917692214,0.14328528315421146
1712,1426.928516421006,0.9674406068451522,0.09999569550055215,4.0,31.0,0.0,-1421.532667436048,-0.20569516083254807,1.0155480440870304,0.14694352156270005
1713,1424.5158749942493,0.9451915895014884,0.10268267199251127,5.0,31.0,0.0,-1423.474534263841,-0.26204342911807316,1.0320450289580838,0.14188745276899822
1714,1425.427416388035,0.45412517923448004,0.13406260232242445,2.0,3.0,0.0,-1418.5808206886436,-0.22696592273343746,1.01853093178188,0.1422658713037518
1715,1426.7062582211724,0.9859860503493497,0.11295602182469806,5.0,31.0,0.0,-1426.2822880776116,-0.18610449667879703,1.00905711213292,0.14811073497830532
1716,1426.8768704595586,0.9838432210763232,0.09999569550055215,3.0,15.0,0.0,-1426.556165028698,-0.20865060564695515,1.0144118557706738,0.14756341190791186
1717,1425.8283757346703,0.7040541890692411,0.10268267199251127,5.0,31.0,0.0,-1420.5179190632841,-0.21159120443448162,1.016761540556169,0.15101505998826695
1718,1425.4132928294625,0.9997254351829143,0.13406260232242445,4.0,31.0,0.0,-1424.2968002636892,-0.17963426061097693,1.0090384379920894,0.1429583130314431
1719,1426.3010975483076,0.9503875240113401,0.11295602182469806,5.0,31.0,0.0,-1425.8356949644499,-0.2022499045955693,1.0143461712900979,0.14125051822968093
1720,1424.8464248223438,0.9997168268748595,0.09999569550055215,5.0,31.0,0.0,-1424.3440102853608,-0.17021353437441936,1.0034306462924762,0.1511648129309005
1721,1425.9349473111422,0.9357042475466649,0.10268267199251127,5.0,31.0,0.0,-1424.6176859859736,-0.19194705277562998,1.0121552881372495,0.14892078240178824
1722,1425.9078485598059,0.6058526220003613,0.13406260232242445,3.0,15.0,0.0,-1420.7394290257218,-0.17186077968001776,1.0059353774392916,0.14296921592599743
1723,1424.7471170101605,0.8438196299372187,0.11295602182469806,5.0,31.0,0.0,-1424.0525876620507,-0.18253209332835185,1.0101066651908686,0.1498162592790804
1724,1424.9237349205107,0.8345106022619578,0.09999569550055215,5.0,31.0,0.0,-1422.5217868287596,-0.1951979850045742,1.01243502227404,0.13898992154945145
1725,1426.7562770473655,0.956987311105355,0.10268267199251127,6.0,63.0,0.0,-1425.1250059127976,-0.19878726988368614,1.012437253275278,0.14202826352623546
1726,1425.430884496682,0.9024584466635636,0.13406260232242445,4.0,15.0,0.0,-1424.1400535844389,-0.15551223276660295,0.9992126467073742,0.14431222499313145
1727,1423.6891439146725,0.9986687877306727,0.11295602182469806,5.0,31.0,0.0,-1423.0342103321057,-0.15335964198099594,1.0015923853140116,0.14966106759461273
1728,1424.846219097141,0.9573579079364475,0.09999569550055215,5.0,31.0,0.0,-1423.6425677292864,-0.23900476302685808,1.0252116501531061,0.15150245984139987
1729,1425.1105501157408,0.9861164769481745,0.10268267199251127,5.0,31.0,0.0,-1424.673295163462,-0.15158086774834187,0.9984765635168614,0.14819217584261793
1730,1425.9195643485775,0.9327607380554999,0.13406260232242445,4.0,31.0,0.0,-1423.4295824027981,-0.18475318159328732,1.0099791072514095,0.1422922599642451
1731,1426.1873657660744,0.9983366422024517,0.11295602182469806,4.0,31.0,0.0,-1422.3819291920856,-0.21370396078028162,1.0187864395133364,0.14444536014122364
1732,1426.5818053311307,0.9246694781152701,0.09999569550055215,4.0,19.0,0.0,-1423.9911366763222,-0.22325897583041798,1.0204233396204272,0.14845842297821973
1733,1425.4242667737553,0.8594459117637355,0.10268267199251127,5.0,31.0,0.0,-1423.230642010573,-0.16028615379783023,1.0002121141946494,0.14389987334445856
1734,1426.053323481917,1.0,0.13406260232242445,2.0,3.0,0.0,-1425.8862196358966,-0.18717521587441627,1.0077465968664265,0.14243789601752335
1735,1422.9243407801534,0.7238956433025614,0.11295602182469806,3.0,15.0,0.0,-1422.0717504891422,-0.21216324535505837,1.0124743232028832,0.14395836319101174
1736,1426.3072266230993,0.9731673575671548,0.09999569550055215,5.0,39.0,0.0,-1424.5565236940768,-0.1742641428512305,1.0066351818052144,0.14554732081400806
1737,1425.8991573814571,0.9991447458313656,0.10268267199251127,5.0,63.0,0.0,-1423.0033006048006,-0.23812859044227663,1.024607996732521,0.1414427336164659
1738,1426.0776163955682,0.89825820406871,0.13406260232242445,2.0,7.0,0.0,-1424.806397358262,-0.18227719369775675,1.008829668019729,0.14201425723685754
1739,1425.8620061052372,1.0,0.11295602182469806,2.0,7.0,0.0,-1423.1596456892112,-0.20739022534564594,1.017212858106227,0.14400586097286863
1740,1426.5806082798924,0.9966424509601973,0.09999569550055215,2.0,7.0,0.0,-1426.1063062737187,-0.1738441403194585,1.0048528637191727,0.14552148096739803
1741,1426.8731453897096,0.9569483482926214,0.10268267199251127,5.0,31.0,0.0,-1425.0160160890337,-0.20504886554534954,1.013648582623149,0.14269273313588499
1742,1424.9726972235019,0.9745146763123621,0.13406260232242445,3.0,7.0,0.0,-1424.9231555418924,-0.18387470052097415,1.0068058711345336,0.14010516302230222
1743,1426.3714487410407,0.9347682082956514,0.11295602182469806,4.0,27.0,0.0,-1424.2552291539916,-0.22977151386955827,1.0229558713619145,0.1443055758205362
1744,1426.5990880263632,0.9076890583602645,0.09999569550055215,5.0,31.0,0.0,-1425.3066655266969,-0.20732588486139783,1.0145485266021694,0.14926422372176262
1745,1426.1282325138782,0.9053248518983434,0.10268267199251127,5.0,31.0,0.0,-1425.2796885785199,-0.19846291620838938,1.0104641978017777,0.14424640842264247
1746,1426.545953318916,0.9412149776206152,0.13406260232242445,4.0,31.0,0.0,-1423.9564670688671,-0.2025989294336252,1.0140357515413456,0.14147656650575333
1747,1426.2486516690128,0.9937699782712442,0.11295602182469806,5.0,39.0,0.0,-1425.2852622976125,-0.16560034107481525,1.0026295078520036,0.1453242625478614
1748,1426.5297147701874,0.9592982855151072,0.09999569550055215,2.0,3.0,0.0,-1426.2411403459876,-0.2055192689627375,1.014798115079181,0.14949674214641806
1749,1425.4984977879449,0.9998247920295337,0.10268267199251127,4.0,23.0,0.0,-1423.131355681229,-0.18195093284409788,1.0057130060194321,0.14826826796109424
1750,1426.9988461419803,0.9759927119835011,0.13406260232242445,4.0,27.0,0.0,-1424.886118270328,-0.22619303316217376,1.0199962136681386,0.14706499751337046
1751,1426.8659370049247,0.9389761342957357,0.11295602182469806,5.0,31.0,0.0,-1424.4278306481324,-0.20788318643886303,1.014094535884349,0.14343753479437713
1752,1425.7505696283047,0.8427283415588734,0.09999569550055215,4.0,23.0,0.0,-1424.2007363450762,-0.20755708634809097,1.0127815305442203,0.14367846902298753
1753,1425.638747116124,1.0,0.10268267199251127,2.0,3.0,0.0,-1425.244901972567,-0.1828506142294941,1.0060677368728446,0.14821392126215507
1754,1427.2699929795608,0.9977841080610851,0.13406260232242445,4.0,31.0,0.0,-1426.7943131068132,-0.21193953574563357,1.0167172177589419,0.14609357092395725
1755,1426.981320836102,1.0,0.11295602182469806,2.0,7.0,0.0,-1426.8534515427577,-0.2051544872095034,1.0150891269980415,0.1432571545263652
1756,1425.8843147340292,0.9896193366486422,0.09999569550055215,4.0,27.0,0.0,-1425.2899302401818,-0.2140993387058934,1.0146641519623731,0.14482714564156607
1757,1427.05706867213,0.940861687975943,0.10268267199251127,4.0,27.0,0.0,-1423.9587177992264,-0.1884753488151744,1.0094167829551708,0.14430156187786994
1758,1425.991138814098,0.9010007796455747,0.13406260232242445,5.0,31.0,0.0,-1424.7641389370372,-0.18479373249430178,1.0067491672958375,0.14736203884737106
1759,1426.1857251819824,0.9967026509348903,0.11295602182469806,4.0,27.0,0.0,-1425.9415907566938,-0.2075549488576121,1.0146267755408822,0.14060439904756614
1760,1426.6983695862152,0.8455163306697653,0.09999569550055215,2.0,3.0,0.0,-1424.2800414403466,-0.20839931465001754,1.016802492820213,0.1450204547631719
1761,1427.2603465301027,0.9870406903356213,0.10268267199251127,5.0,31.0,0.0,-1426.8787289013078,-0.21773984590203993,1.0175639029232486,0.14531716094606906
1762,1426.6530757614075,0.9936598491817463,0.13406260232242445,4.0,31.0,0.0,-1424.7650593304468,-0.17732121300061648,1.0069825283547365,0.1446306341287203
1763,1426.5752612099157,0.9621983586974407,0.11295602182469806,5.0,31.0,0.0,-1424.842570481704,-0.1875032618327561,1.0082209155509365,0.1433857888680342
1764,1425.8642263459321,0.9705695973138345,0.09999569550055215,4.0,27.0,0.0,-1425.1458807827573,-0.18882525555040217,1.007714672309815,0.14353307768857815
1765,1426.8505216989006,0.9945266442580104,0.10268267199251127,4.0,27.0,0.0,-1426.2935320722518,-0.20752879544768144,1.0155570472912758,0.14838106493415995
1766,1426.3420557110526,0.8673907897491506,0.13406260232242445,5.0,31.0,0.0,-1425.0299727818071,-0.24509674018085223,1.0254520986087519,0.14761991155022858
1767,1426.163957893949,0.8974496345678056,0.11295602182469806,5.0,31.0,0.0,-1424.9553946484264,-0.16448456764622527,1.0024513822748786,0.14657215405903587
1768,1426.7492309316656,1.0,0.09999569550055215,5.0,31.0,0.0,-1425.476355734991,-0.22690605226573454,1.0216348361087841,0.14387891748104606
1769,1426.2388341546352,0.9419447187401736,0.10268267199251127,5.0,39.0,0.0,-1425.753611453997,-0.23283221933422954,1.0233910387991958,0.1424063243689142
1770,1427.0859422708884,0.9195409263010077,0.13406260232242445,4.0,23.0,0.0,-1425.2601142786536,-0.2080072974063665,1.014408084708266,0.14389647508367676
1771,1426.8253385815544,0.8409631419950768,0.11295602182469806,3.0,15.0,0.0,-1424.9228856631898,-0.1798042448391868,1.0074145832517494,0.14600444982841027
1772,1427.1304284284588,0.9999834474762003,0.09999569550055215,5.0,31.0,0.0,-1426.6685475601007,-0.1995122824173741,1.0119643778660061,0.14501421632547717
1773,1426.0564775557582,0.9994636229588985,0.10268267199251127,5.0,31.0,0.0,-1425.6079942075673,-0.2325944520058128,1.0212808490475027,0.1415897424378964
1774,1426.7547700180044,0.9650456060681459,0.13406260232242445,4.0,27.0,0.0,-1426.1592770567531,-0.21183103885790194,1.0173783227245683,0.14311984339624576
1775,1426.3894094891648,0.7793490100909792,0.11295602182469806,3.0,15.0,0.0,-1424.4530703725627,-0.19884956064777423,1.0107806761084102,0.14629313148742135
1776,1426.2670373368926,0.9997763141568307,0.09999569550055215,4.0,31.0,0.0,-1425.6851974472759,-0.19116052844288448,1.010871621312026,0.14127243587219077
1777,1426.5330595743937,0.8813616771165026,0.10268267199251127,3.0,15.0,0.0,-1422.9852217605596,-0.2214585215544378,1.020632750277656,0.1450466617925355
1778,1425.9228200148182,0.9923955268525518,0.13406260232242445,4.0,15.0,0.0,-1425.5983507578892,-0.20196670793658283,1.014093500474971,0.14028818570152476
1779,1426.6133711358245,0.9297052719101395,0.11295602182469806,2.0,3.0,0.0,-1425.644439440781,-0.19180779058026268,1.011949128185287,0.14579192602554797
1780,1425.6444642174476,0.8011891612905496,0.09999569550055215,2.0,7.0,0.0,-1424.6241768588468,-0.19106568820670716,1.011562546999072,0.14073792601788157
1781,1427.2449166839044,0.993921562148554,0.10268267199251127,4.0,27.0,0.0,-1426.19212601642,-0.2082416153934888,1.0157997398667165,0.14470964896166216
1782,1426.8101397334694,0.9957575323578607,0.13406260232242445,4.0,15.0,0.0,-1425.7637490744319,-0.19457563670362493,1.011623878227973,0.14248025648945165
1783,1427.242598119809,0.9949717365907746,0.11295602182469806,2.0,7.0,0.0,-1426.4872267398468,-0.19555239710830238,1.011492527323252,0.1457088918853143
1784,1425.2596568046179,0.9887776073811538,0.09999569550055215,2.0,7.0,0.0,-1424.9716892491099,-0.19361502597328492,1.0095694279787477,0.14024223274097042
1785,1426.6404049494356,0.9423465015112534,0.10268267199251127,4.0,19.0,0.0,-1426.3115246289353,-0.21966412380387912,1.0199748634329717,0.1444289411481268
1786,1425.964727601494,0.9480902593603174,0.13406260232242445,4.0,15.0,0.0,-1425.1617876720447,-0.1765862185195855,1.0057218260325387,0.14153947213164111
1787,1427.271644746924,0.9600988957231714,0.11295602182469806,3.0,15.0,0.0,-1426.8729068654307,-0.1976568929840703,1.0123740217203292,0.1451469919985703
1788,1425.5471432327986,0.9974132532549634,0.09999569550055215,5.0,31.0,0.0,-1424.8432032054352,-0.1782734708391243,1.0080706294482322,0.14170739601009943
1789,1426.726546955543,0.9414087034893643,0.10268267199251127,4.0,19.0,0.0,-1425.5376606729913,-0.2338669659671614,1.0218760974382999,0.1470146798224362
1790,1426.8754884346984,0.9175453581419543,0.13406260232242445,3.0,15.0,0.0,-1423.8331980550945,-0.18584546763921936,1.0084735820107216,0.14364340411894957
1791,1427.2045026011024,0.988672160886931,0.11295602182469806,4.0,19.0,0.0,-1426.9515292484286,-0.1935696601769006,1.0108625430403442,0.14494111615176022
1792,1425.9961588865192,0.9317229747901533,0.09999569550055215,5.0,31.0,0.0,-1424.6799404841208,-0.20624411235603862,1.0161825971760727,0.14937542609279558
1793,1425.8567553872642,0.9999363533570685,0.10268267199251127,5.0,31.0,0.0,-1425.2591543504443,-0.1997280445906558,1.0126630986761649,0.1399771240220548
1794,1426.9002675282422,0.8669106507400721,0.13406260232242445,4.0,31.0,0.0,-1425.5675128412774,-0.21425013060525752,1.018002689701495,0.1437197712277025
1795,1426.6196158785242,0.8767819907902593,0.11295602182469806,2.0,3.0,0.0,-1426.5109893624415,-0.1950321738341547,1.0099739605735263,0.14490509410078584
1796,1427.143443270036,0.9961916901984095,0.09999569550055215,4.0,27.0,0.0,-1424.6746784563693,-0.2013824229294907,1.0140384923912429,0.14483853440693553
1797,1426.524220568236,0.8430969902909472,0.10268267199251127,5.0,31.0,0.0,-1424.4605846696918,-0.18453124177249075,1.0091731574515017,0.14812338417394552
1798,1426.7139719641907,0.981469947212963,0.13406260232242445,4.0,23.0,0.0,-1425.5469160432056,-0.20492448547093106,1.0131890363899843,0.1478871230612881
1799,1425.1690879889268,0.8691452426934247,0.11295602182469806,5.0,31.0,0.0,-1423.7353782204743,-0.2422611718978625,1.0228111915718279,0.1477010820474114
1800,1426.4055318892963,0.8794132568024995,0.09999569550055215,4.0,23.0,0.0,-1425.8210208629937,-0.21452173512207892,1.0152707616413421,0.14646223667425073
1801,1426.6597173965822,0.9585030532688731,0.10268267199251127,5.0,31.0,0.0,-1425.7491068208926,-0.19976336312655263,1.012825651009538,0.1417120754650258
1802,1426.349819587549,0.9114906581237037,0.13406260232242445,3.0,11.0,0.0,-1425.444748453292,-0.2021660551124867,1.0135329861497318,0.14999262257891705
1803,1426.4307358772808,1.0,0.11295602182469806,1.0,3.0,0.0,-1425.4289748435394,-0.23976334311395137,1.0236518678251154,0.14779880052551794
1804,1425.8704149454375,0.9303810976544229,0.09999569550055215,5.0,35.0,0.0,-1423.685585560017,-0.1628423832533666,1.0016131108241906,0.14747570005826138
1805,1426.689285210758,0.845570495749908,0.10268267199251127,5.0,63.0,0.0,-1425.1325369217955,-0.18780279356456092,1.0094703018148348,0.14246614965352605
1806,1427.0135777077858,0.9999059827723528,0.13406260232242445,4.0,27.0,0.0,-1426.3065314419239,-0.20913445817697338,1.0154072530659157,0.14802950571728657
1807,1426.3122867148068,0.958968814657665,0.11295602182469806,2.0,7.0,0.0,-1425.8731369105442,-0.24121468949774041,1.0240795233468662,0.1481110018024281
1808,1426.183525706297,0.9994967082468981,0.09999569550055215,5.0,31.0,0.0,-1423.753029661732,-0.17052428159228236,1.0038294403233896,0.14324734903076847
1809,1426.854199816256,0.9985670324064065,0.10268267199251127,5.0,47.0,0.0,-1425.7151659876238,-0.2367691434894852,1.0234128307133676,0.1443736290324823
1810,1426.7664098829239,0.9802885423943414,0.13406260232242445,4.0,31.0,0.0,-1425.658885428869,-0.1788043676585608,1.0069628933740127,0.14658670840367546
1811,1426.7788594863794,0.77530768354045,0.11295602182469806,5.0,31.0,0.0,-1423.9313477159312,-0.1992428479489784,1.0123738293843003,0.14214735161801711
1812,1427.043734394356,0.9445022368877701,0.09999569550055215,5.0,35.0,0.0,-1424.973495515241,-0.22755193226637593,1.0212304243820232,0.14434825744103152
1813,1425.6099511733687,0.7316657829070081,0.10268267199251127,5.0,31.0,0.0,-1423.2655043960863,-0.21360729638229473,1.0149618674558691,0.1496803865438151
1814,1426.7395619107665,0.995663112849133,0.13406260232242445,5.0,31.0,0.0,-1425.9544248922582,-0.20110667389169093,1.0127683240732361,0.1420571981390218
1815,1426.558168744528,0.9944669502489651,0.11295602182469806,5.0,47.0,0.0,-1426.0477230691886,-0.22052068299052463,1.0183327991250708,0.1416786129837146
1816,1426.8395264970443,0.864189760703907,0.09999569550055215,4.0,27.0,0.0,-1425.4442122335422,-0.2021072872775446,1.0143109159687898,0.14289967261085912
1817,1422.766264150639,0.9971197821431113,0.10268267199251127,5.0,31.0,0.0,-1421.9618673378081,-0.23844037512077967,1.02571218976205,0.1541229397349599
1818,1425.9824967236716,0.9664989450392347,0.13406260232242445,5.0,31.0,0.0,-1424.3844112417667,-0.2530433438545837,1.0282747858430628,0.14325814058738165
1819,1426.2484663310636,0.9514200866264456,0.11295602182469806,4.0,31.0,0.0,-1424.1435159173168,-0.195387591178252,1.0103612072534676,0.1490431629531367
1820,1426.0514829361591,0.9485440479306136,0.09999569550055215,5.0,31.0,0.0,-1425.9002862517657,-0.1809063020257107,1.0088508666960148,0.14788204940156144
1821,1422.3996738735623,0.9999371181290722,0.10268267199251127,4.0,15.0,0.0,-1421.4053764311686,-0.23311058291124576,1.0213506030706523,0.15552746124096728
1822,1425.911943511171,0.9733691960394623,0.13406260232242445,3.0,7.0,0.0,-1425.7556996598917,-0.25396370350181674,1.0287962788203386,0.1433705675377124
1823,1425.0107187188096,0.9359678480680742,0.11295602182469806,5.0,31.0,0.0,-1423.9435223319324,-0.25893321620337606,1.0314766962897144,0.14419132537152618
1824,1426.8213283976054,0.9903467882536571,0.09999569550055215,6.0,63.0,0.0,-1425.9169397284993,-0.18596223853157903,1.0079446861387693,0.14508256723232693
1825,1425.7299931693929,0.9729964131952248,0.10268267199251127,5.0,31.0,0.0,-1420.7409324568355,-0.16782083747839685,1.0051401787365806,0.1446411909777284
1826,1423.7089368465606,0.9101238117486313,0.13406260232242445,3.0,15.0,0.0,-1422.5756549064517,-0.26296512132480526,1.0325609545334054,0.14070599158234626
1827,1425.9446729273045,0.9478823576229136,0.11295602182469806,3.0,15.0,0.0,-1423.2420282597425,-0.23191003139552513,1.0240091777938218,0.14577763038711095
1828,1425.4792290971307,0.8351600869519079,0.09999569550055215,2.0,3.0,0.0,-1425.326149099957,-0.18723327470365528,1.0068307888790646,0.1449778344962298
1829,1426.5178623051581,0.9856269644738401,0.10268267199251127,2.0,3.0,0.0,-1425.5980365121097,-0.17144513174063025,1.0045067227687647,0.14463192918313178
1830,1423.3583167538504,1.0,0.13406260232242445,2.0,3.0,0.0,-1423.266496846776,-0.2710011029536315,1.0321220298067297,0.1403470435800842
1831,1425.7030034060565,0.9616843945693377,0.11295602182469806,2.0,3.0,0.0,-1425.3505662067466,-0.23980758071452377,1.0223193745418067,0.14527049184275015
1832,1424.7163967280278,0.976632410724263,0.09999569550055215,4.0,19.0,0.0,-1424.3442302488565,-0.17178167607542802,1.0072428913635243,0.14754272949144306
1833,1426.614769492031,0.8966622100513493,0.10268267199251127,5.0,31.0,0.0,-1425.5518792671787,-0.23507425693944947,1.0218363062186646,0.14558240679515425
1834,1425.6278822689662,0.8316573039950893,0.13406260232242445,3.0,11.0,0.0,-1422.041919752699,-0.2574689100208115,1.0303372195831675,0.14408599019834048
1835,1426.412846891174,0.9600743752149703,0.11295602182469806,3.0,15.0,0.0,-1424.1706311379758,-0.24341243168737522,1.0248534293589555,0.14745894255564337
1836,1426.278902304762,0.8923682722138898,0.09999569550055215,2.0,3.0,0.0,-1423.677154586813,-0.17857060611646655,1.0055666750297276,0.1474001168537581
1837,1425.3699425968541,0.9736038551882518,0.10268267199251127,5.0,31.0,0.0,-1424.7409514068086,-0.21770214974705399,1.0190164680026805,0.13971420834385329
1838,1424.8805540479127,0.9996610936136634,0.13406260232242445,4.0,15.0,0.0,-1424.2855399061593,-0.27181669059104263,1.0338463373575464,0.1437953318303201
1839,1425.1684625031771,0.7569130029301211,0.11295602182469806,2.0,7.0,0.0,-1424.126290807269,-0.23900019263472402,1.0263320798633524,0.14779862199716032
1840,1424.9466645650223,0.9965919013516116,0.09999569550055215,5.0,31.0,0.0,-1424.0929983062738,-0.16914375542690735,1.004484163500971,0.14009015554091128
1841,1426.2312858466953,0.9993729652167181,0.10268267199251127,4.0,15.0,0.0,-1425.2524216572622,-0.21161242700920715,1.0160541421736464,0.1406141651079731
1842,1424.9771542910228,0.7764740338412618,0.13406260232242445,5.0,31.0,0.0,-1420.3544254431506,-0.2040702045067155,1.0142028871464217,0.13854624532109233
1843,1426.48025297365,1.0,0.11295602182469806,2.0,3.0,0.0,-1425.1723780289701,-0.24218538709471013,1.0251885818620763,0.14760777203787656
1844,1424.0841021719962,0.8421926177117786,0.09999569550055215,3.0,7.0,0.0,-1423.7409742903153,-0.17188670135854114,1.002679449911137,0.1406758539689698
1845,1425.9766105882234,0.9788485896325309,0.10268267199251127,6.0,63.0,0.0,-1424.134344598623,-0.20151766159590923,1.012567912707491,0.14047428067782625
1846,1425.694970443567,0.9977778128103055,0.13406260232242445,3.0,7.0,0.0,-1424.9182948166635,-0.20769900523277426,1.0148565321755805,0.13962814708790952
1847,1425.6400209732442,0.9307947779584317,0.11295602182469806,5.0,31.0,0.0,-1425.0731843538024,-0.22608869277740695,1.0217808949084666,0.15009209108046564
1848,1424.0469077897894,0.9329719650947571,0.09999569550055215,2.0,3.0,0.0,-1423.351363309566,-0.16872531035288205,1.0061298101791338,0.141159160833139
1849,1426.9347395541035,0.9741699339677286,0.10268267199251127,5.0,31.0,0.0,-1425.5257042573282,-0.2191010517801399,1.0180606780678083,0.14802356094884495
1850,1424.8475726410566,0.7588741592404986,0.13406260232242445,1.0,3.0,0.0,-1424.330526268479,-0.20393175614480716,1.0158293882506444,0.13990419307383323
1851,1426.4333913143353,0.9992961200627535,0.11295602182469806,4.0,31.0,0.0,-1424.8069158584362,-0.18833785732906325,1.0081539910443889,0.1472319105770399
1852,1425.8100387695554,0.9668435416885768,0.09999569550055215,6.0,63.0,0.0,-1423.412743024492,-0.24569387853472754,1.0276267227459306,0.14515719538807173
1853,1426.9605035281588,0.9902403745839709,0.10268267199251127,5.0,31.0,0.0,-1426.694012653726,-0.218719663816851,1.0177657896450225,0.14298564776715075
1854,1424.8040708323024,0.9718003122956241,0.13406260232242445,2.0,7.0,0.0,-1423.8971634590403,-0.21189673326729863,1.015220522542362,0.13877585530460487
1855,1424.9540617301757,1.0,0.11295602182469806,4.0,15.0,0.0,-1424.6660956783749,-0.15964789526194856,1.0023656366258107,0.14952454939482812
1856,1426.7592237287315,0.9997969995215054,0.09999569550055215,3.0,11.0,0.0,-1425.711942656224,-0.24027155143776588,1.024277470827613,0.1447767568058609
1857,1426.28145983637,0.9206014530965593,0.10268267199251127,3.0,11.0,0.0,-1425.4151293825041,-0.22872434396806077,1.0207586799541157,0.14132743695471015
1858,1424.4085034850334,0.8643821844688844,0.13406260232242445,4.0,31.0,0.0,-1422.297195085342,-0.19677622100785247,1.0098149803322314,0.13991675962893727
1859,1425.207739513915,0.9853508079013412,0.11295602182469806,2.0,3.0,0.0,-1424.7256515569488,-0.16598025187689763,1.001700846027264,0.14900693513603516
1860,1427.1444841665657,0.892562064897766,0.09999569550055215,5.0,31.0,0.0,-1425.6327867958746,-0.2020171719530347,1.0141826668310672,0.14452375712117627
1861,1426.9512657777098,0.8096800961372671,0.10268267199251127,5.0,31.0,0.0,-1424.5020826524358,-0.19118909585963956,1.0112398635766895,0.14521363055173264
1862,1424.435673751984,0.9941106640215227,0.13406260232242445,5.0,31.0,0.0,-1421.4173700656568,-0.23633922962416082,1.0250981178209222,0.13992463497278113
1863,1425.3568551131036,1.0,0.11295602182469806,2.0,3.0,0.0,-1425.1328847564755,-0.16329997871660054,1.0034301906360135,0.1488220516713471
1864,1426.671479981931,0.9995328410947795,0.09999569550055215,4.0,31.0,0.0,-1425.0667064645672,-0.23514352776767136,1.0225426687296602,0.1476432166509275
1865,1426.4821540567768,0.978654164941811,0.10268267199251127,4.0,31.0,0.0,-1425.7630595489813,-0.22876225811169268,1.0225132919424262,0.14691603804195533
1866,1424.8846985250825,0.9311793622392347,0.13406260232242445,2.0,5.0,0.0,-1423.633078891286,-0.24183462206017284,1.0247152951965552,0.13939922045950814
1867,1424.8319231590915,0.9868417931552548,0.11295602182469806,5.0,63.0,0.0,-1423.5317416171918,-0.19784456003332201,1.0133377333115172,0.13892611509859604
1868,1426.657008644561,0.9299007518999025,0.09999569550055215,4.0,27.0,0.0,-1422.525939440565,-0.2118636659630651,1.0178404753507053,0.1450904393763702
1869,1424.350765573807,0.7809448015924636,0.10268267199251127,2.0,7.0,0.0,-1424.3212845878252,-0.2351404941067466,1.0199419603835305,0.1468903363334159
1870,1424.8780410587594,0.8238121636229924,0.13406260232242445,2.0,7.0,0.0,-1424.0046443568078,-0.24057553322537298,1.0236203958432775,0.13968950301435612
1871,1425.9820915090747,0.9583841225196039,0.11295602182469806,4.0,15.0,0.0,-1424.1860566727828,-0.21816244935106263,1.0164881075865266,0.14193506858394697
1872,1426.795327324696,0.9454197478200376,0.09999569550055215,4.0,27.0,0.0,-1423.9679502121232,-0.20308955043512494,1.0124975896521857,0.1440269658355532
1873,1426.8509036369685,0.9824981400959398,0.10268267199251127,2.0,3.0,0.0,-1423.7865022891913,-0.23463902529835445,1.022507746057159,0.14678944566443825
1874,1424.9109642028375,0.7599239632734228,0.13406260232242445,2.0,3.0,0.0,-1423.6115731293548,-0.23942305699109057,1.023486482822102,0.13951402407914545
1875,1426.9724847748423,0.9711936394391083,0.11295602182469806,4.0,23.0,0.0,-1425.4452430997358,-0.22350340626576357,1.0191443759469805,0.1473884217537401
1876,1426.8298020569946,1.0,0.09999569550055215,2.0,3.0,0.0,-1426.7284133195956,-0.1985673301902072,1.0136010444228762,0.14393917077783738
1877,1427.2122986893135,0.9975616772882323,0.10268267199251127,5.0,31.0,0.0,-1425.5229015845061,-0.20791563605422256,1.0148984179609755,0.1469450145728431
1878,1425.6870921736847,0.81257224975742,0.13406260232242445,4.0,15.0,0.0,-1423.0993372149926,-0.24097040736973618,1.0227348709532635,0.14675448401651434
1879,1426.9330087565504,0.8818734778324583,0.11295602182469806,2.0,3.0,0.0,-1426.081758244159,-0.22430297288065426,1.0202352471779184,0.14762421499632786
1880,1426.1996304899715,0.9991287613810296,0.09999569550055215,4.0,31.0,0.0,-1422.5896537410226,-0.23027090329047673,1.02270457181703,0.14215993793442666
1881,1426.7886471071042,0.9176076599395854,0.10268267199251127,3.0,15.0,0.0,-1426.062920541538,-0.2085837015249346,1.0167504332334827,0.145676338659311
1882,1424.413637397832,0.9027758582546712,0.13406260232242445,5.0,39.0,0.0,-1423.5800579716715,-0.17071184833611877,1.007131408205242,0.1474547042629919
1883,1425.9054974295611,0.9965606425802803,0.11295602182469806,4.0,15.0,0.0,-1425.810550839678,-0.23855726623529092,1.0244278360481684,0.14980976290943127
1884,1422.987753681101,0.9928343827020739,0.09999569550055215,4.0,15.0,0.0,-1422.6225510694142,-0.27104837933160186,1.0345186745509722,0.13988624169638764
1885,1426.4500791796875,0.9764002744726293,0.10268267199251127,2.0,7.0,0.0,-1426.2309401782263,-0.20847261369442333,1.017099091198235,0.14550764076880576
1886,1426.1314852548549,0.9619737807881169,0.13406260232242445,3.0,15.0,0.0,-1422.8512537266688,-0.1680929372104767,1.002889100000475,0.14682412897731292
1887,1426.4570819041653,1.0,0.11295602182469806,4.0,15.0,0.0,-1425.7993845066692,-0.23102420562956724,1.0220164257979145,0.14898844307908807
1888,1423.5762921601595,0.9970604160804525,0.09999569550055215,4.0,15.0,0.0,-1422.5953810551512,-0.2657440312290013,1.0321441039954171,0.13950920912386233
1889,1426.2405213156303,0.994526224179043,0.10268267199251127,4.0,19.0,0.0,-1425.868724899716,-0.21795519380475337,1.0199008596544152,0.14420016645666786
1890,1425.5885756637979,0.8169932252125357,0.13406260232242445,3.0,11.0,0.0,-1424.3873750142518,-0.16711486230400474,1.0050378399823738,0.14671881272634318
1891,1426.3076117593457,0.9722632450584902,0.11295602182469806,4.0,31.0,0.0,-1425.1018753669466,-0.23946391206437978,1.0239935283408397,0.14222921384218046
1892,1423.2607293773037,0.9805905197126809,0.09999569550055215,4.0,15.0,0.0,-1422.3504080491432,-0.2597942470380961,1.0295111804969972,0.13852213375793543
1893,1427.191020725919,1.0,0.10268267199251127,2.0,3.0,0.0,-1426.3068470412818,-0.22229754872831706,1.0190349315402412,0.14442630216213187
1894,1426.7144921516594,0.954101302387177,0.13406260232242445,5.0,31.0,0.0,-1423.7842149629441,-0.20892194278124582,1.0141293479104503,0.14724458401992788
1895,1424.9142870418932,0.9309276096211925,0.11295602182469806,4.0,15.0,0.0,-1424.492662475306,-0.23567802180989364,1.0238942728980966,0.13936684690404505
1896,1421.7575177631113,0.7975940048875058,0.09999569550055215,2.0,3.0,0.0,-1421.3047320375276,-0.2532316623252065,1.0305245064693884,0.13822582664701039
1897,1426.9792837889256,0.9642658423436568,0.10268267199251127,3.0,11.0,0.0,-1426.788143464514,-0.21907927746577577,1.019395172663618,0.14507191093674643
1898,1426.3164220220044,0.9199400202808136,0.13406260232242445,4.0,19.0,0.0,-1425.7941143296755,-0.21394501856940606,1.0187830101502862,0.14554593338264504
1899,1425.1363736853164,0.999897436354489,0.11295602182469806,5.0,31.0,0.0,-1423.103816201863,-0.2674461091047319,1.0330876902454729,0.1446850576175909
1900,1423.3801003321491,1.0,0.09999569550055215,2.0,7.0,0.0,-1422.0013697220197,-0.2548697479269509,1.0293923517896875,0.1384181930381091
1901,1427.2454875867084,0.8975916265802677,0.10268267199251127,4.0,19.0,0.0,-1425.604113935107,-0.19845101622937789,1.0120283854247352,0.14529781078091922
1902,1427.1087535251756,1.0,0.13406260232242445,3.0,15.0,0.0,-1425.8961816081214,-0.22688233684665013,1.0207031028570304,0.14640055618021408
1903,1426.8943898955017,0.9969435567174143,0.11295602182469806,5.0,31.0,0.0,-1424.439710952492,-0.22345152838985288,1.0188714241476569,0.1434155587789665
1904,1424.3161545448622,0.9333279782314075,0.09999569550055215,5.0,31.0,0.0,-1422.0238744590292,-0.21478595073318069,1.016082615616933,0.15328959142783288
1905,1425.9885111935569,0.9218876535011987,0.10268267199251127,4.0,19.0,0.0,-1425.8267101483546,-0.18848869631642876,1.011133400751827,0.1485872792990331
1906,1426.714619993738,0.9755924516152797,0.13406260232242445,5.0,63.0,0.0,-1426.2973097608167,-0.17907418184946994,1.0075017693207304,0.14612262106555673
1907,1426.739690211299,0.9514172921728655,0.11295602182469806,5.0,63.0,0.0,-1426.0202878211005,-0.17996681012236196,1.0070455529724027,0.14711415933076286
1908,1425.5194707560104,0.9999717776105828,0.09999569550055215,4.0,15.0,0.0,-1424.2104718086885,-0.21641410324309795,1.0186643574785115,0.15113897061112802
1909,1425.1380993765033,0.9031357446797824,0.10268267199251127,3.0,11.0,0.0,-1423.765886442047,-0.19380271864717483,1.009016108957818,0.14992415441773843
1910,1425.8718941262837,0.8055354031515639,0.13406260232242445,2.0,3.0,0.0,-1425.6917606480686,-0.18194532803032817,1.0057464446634925,0.14584451034621143
1911,1426.9030430180028,0.816064290332149,0.11295602182469806,4.0,23.0,0.0,-1423.6772543838408,-0.20899400642952504,1.0150579705257385,0.14830281232060125
1912,1425.6509364591668,0.8759508369261952,0.09999569550055215,5.0,31.0,0.0,-1423.5972834562929,-0.2512634020640121,1.0260676498574304,0.1463348774422188
1913,1425.4992727633812,0.9986829860538349,0.10268267199251127,3.0,7.0,0.0,-1425.0573959417582,-0.1887276981572658,1.0114834922412823,0.14935484683478994
1914,1426.9293509061376,0.9998827027588358,0.13406260232242445,3.0,15.0,0.0,-1425.7440660522254,-0.18362809758127516,1.0084821346693054,0.14450607172431612
1915,1426.971493907438,0.9621304694025271,0.11295602182469806,4.0,27.0,0.0,-1426.098473236231,-0.20523536932245834,1.0132764550035809,0.1462111806274003
1916,1426.1321837690841,0.9987832259097281,0.09999569550055215,5.0,31.0,0.0,-1424.9834558446585,-0.2441831366021477,1.0245801407874275,0.14324543962673553
1917,1427.0743016933575,0.8639350268903209,0.10268267199251127,4.0,31.0,0.0,-1423.0152895733013,-0.22554239293651066,1.0198455356476257,0.14666610452679843
1918,1427.2982157982033,0.9908062638312437,0.13406260232242445,4.0,31.0,0.0,-1426.5871838178502,-0.20454810137132048,1.0138132676638452,0.14498897258608626
1919,1424.7509301494613,0.9408928788115888,0.11295602182469806,4.0,31.0,0.0,-1423.6983872035205,-0.15648184542667595,1.0019104138730164,0.14860115240267965
1920,1425.9822895179354,0.994511303975453,0.09999569550055215,2.0,3.0,0.0,-1425.9077960809993,-0.24204143741665415,1.0262245709461997,0.1431161009027652
1921,1426.5014515409853,0.9803944644455822,0.10268267199251127,4.0,31.0,0.0,-1426.270456790176,-0.2391960321521043,1.025121603901034,0.14636605324250002
1922,1427.177728236549,0.735634055969137,0.13406260232242445,4.0,19.0,0.0,-1424.8323783598785,-0.20850677714280436,1.014751611203092,0.14668313211033185
1923,1424.6238675245852,0.9967493227611414,0.11295602182469806,2.0,3.0,0.0,-1424.5462761679391,-0.1602955365062439,0.9995920518548383,0.14857679846627056
1924,1426.7470296588513,0.9171880946887563,0.09999569550055215,5.0,31.0,0.0,-1425.1616087395296,-0.21966797879382308,1.0179630149725998,0.14848653309229287
1925,1425.8266528926297,0.9748549093645938,0.10268267199251127,3.0,11.0,0.0,-1425.516715137678,-0.25088318433079565,1.0287601527003052,0.14655601112971997
1926,1427.2123567742208,0.9356490448316692,0.13406260232242445,2.0,3.0,0.0,-1426.752260462837,-0.20676014327058026,1.0149127004390277,0.1470263242520044
1927,1426.3493686813194,0.9861381445844571,0.11295602182469806,5.0,35.0,0.0,-1424.2925083918701,-0.22694868336227222,1.022088470500922,0.14341995818628236
1928,1426.342189420808,0.8764420883539421,0.09999569550055215,5.0,31.0,0.0,-1425.294614280599,-0.23108148981471424,1.02031643372815,0.14391424894165167
1929,1424.3097005582051,0.7237892676507861,0.10268267199251127,3.0,15.0,0.0,-1421.7458340668943,-0.24373550392269525,1.0282460401833466,0.1473162927150928
1930,1427.171852521435,0.9962102800380706,0.13406260232242445,5.0,31.0,0.0,-1427.0088769910838,-0.19557786289593632,1.0112709443712313,0.1463674103729558
1931,1426.6978154241958,1.0,0.11295602182469806,1.0,1.0,0.0,-1426.398749398704,-0.2272088678797631,1.0216598531394725,0.1434052528109249
1932,1426.9243373299164,0.9775266263933039,0.09999569550055215,2.0,7.0,0.0,-1425.8626125411374,-0.23258142783459868,1.0223750364519015,0.1439541131802727
1933,1425.3239634973331,1.0,0.10268267199251127,2.0,3.0,0.0,-1424.4682368962624,-0.2454876558103492,1.027925577682075,0.14732075759045024
1934,1425.7102053694623,0.94060789282975,0.13406260232242445,4.0,19.0,0.0,-1425.116105752215,-0.15721854545055608,1.0012506716577307,0.14509594197693781
1935,1425.3444335490235,0.9992358056965046,0.11295602182469806,4.0,19.0,0.0,-1424.1338446539114,-0.237978372699841,1.0245430381558718,0.1402281719251777
1936,1426.8335362757757,0.9753811606359573,0.09999569550055215,5.0,31.0,0.0,-1426.598376751195,-0.1917236937084732,1.009753129393362,0.1474283141165799
1937,1425.9758255744289,0.9352941921214691,0.10268267199251127,5.0,31.0,0.0,-1423.4132873617004,-0.17754902747758924,1.0067998139344296,0.1414316495012276
1938,1427.2360823784702,0.9998679988558873,0.13406260232242445,4.0,31.0,0.0,-1424.8408993485803,-0.2000441570898565,1.0126578233610277,0.14423703336163093
1939,1425.005970259745,0.9075470252122418,0.11295602182469806,2.0,3.0,0.0,-1424.8662202754338,-0.24136180870025667,1.0234513924873687,0.14043866359002083
1940,1426.9803413163522,0.9422529829218679,0.09999569550055215,5.0,31.0,0.0,-1426.240680767263,-0.19210304588288787,1.0100636680356245,0.14372044285244628
1941,1426.6587918868056,0.9296332599122111,0.10268267199251127,4.0,15.0,0.0,-1425.307435218314,-0.19464544969086078,1.010889678308735,0.1420865171302227
1942,1427.2393499098919,0.7898481451785139,0.13406260232242445,4.0,27.0,0.0,-1425.7709227354808,-0.21822013460517678,1.0182971206120546,0.14430549263551032
1943,1424.3123270942751,0.9160421104136145,0.11295602182469806,4.0,15.0,0.0,-1422.9321470068187,-0.2339604452489962,1.022316180732979,0.13820093059022023
1944,1426.5098170421854,0.9996158145935454,0.09999569550055215,5.0,31.0,0.0,-1426.1801665400665,-0.17108129542910508,1.0048969781387294,0.14574638989012736
1945,1427.213671145204,0.9899048457580303,0.10268267199251127,4.0,31.0,0.0,-1426.2749763965144,-0.19749895528488287,1.012642038520795,0.14529608326072277
1946,1427.004080747204,0.8618533030589395,0.13406260232242445,4.0,19.0,0.0,-1425.954577082074,-0.2140704524850405,1.017881959440785,0.14656759559396673
1947,1423.9069000232662,0.9998786347954126,0.11295602182469806,5.0,31.0,0.0,-1422.604303883578,-0.2446017855864549,1.025941054424268,0.1533203337728402
1948,1424.1257433427313,0.9322344382897473,0.09999569550055215,4.0,19.0,0.0,-1423.9546839180455,-0.14292961473079566,0.9949273631345382,0.14461691859372347
1949,1426.3480932223515,0.9430500735894249,0.10268267199251127,4.0,27.0,0.0,-1425.217796903719,-0.2124019517177445,1.0178326341753052,0.14238292923962545
1950,1425.606424191555,0.8744770246116326,0.13406260232242445,3.0,11.0,0.0,-1424.8372783782768,-0.21947409060074127,1.0164308847680736,0.14889315244833073
1951,1425.4717064093693,0.9549137167151267,0.11295602182469806,5.0,31.0,0.0,-1421.7762479073272,-0.25560703473512225,1.0301448172510403,0.1473321891407046
1952,1421.0673072473849,0.9861307576407231,0.09999569550055215,5.0,31.0,0.0,-1420.8866494685303,-0.31064601877349546,1.0434691544969643,0.14696659883732086
1953,1427.2406724523225,0.9973517048566499,0.10268267199251127,4.0,31.0,0.0,-1425.2900822069673,-0.218399918561623,1.0178899704639737,0.14444008524189478
1954,1426.5467843214785,1.0,0.13406260232242445,1.0,3.0,0.0,-1425.8090773596584,-0.21800258169026576,1.0173009219850708,0.14899710401433072
1955,1424.5326517650215,0.9989469082963348,0.11295602182469806,5.0,31.0,0.0,-1422.811382340203,-0.21892137230440428,1.0191693084056892,0.15302743682598258
1956,1422.0404430023182,0.9976524059547276,0.09999569550055215,5.0,31.0,0.0,-1419.9759038580653,-0.3034131089174336,1.0417584003077478,0.14712369957852806
1957,1425.938628508579,0.8638910566243655,0.10268267199251127,3.0,15.0,0.0,-1424.890034447742,-0.2106180855054748,1.0177167238271643,0.14223761537860927
1958,1426.4755478945922,0.9027600865285583,0.13406260232242445,2.0,3.0,0.0,-1425.9015822972954,-0.21777839815330172,1.017124850896457,0.1490766664063644
1959,1426.9326627008907,0.9485440220229685,0.11295602182469806,5.0,31.0,0.0,-1423.2089424899896,-0.19456932629488194,1.0103038098959312,0.14480729721277638
1960,1425.9530714192988,0.7889979522596727,0.09999569550055215,5.0,31.0,0.0,-1419.921841600137,-0.2377393447290583,1.0239025897608542,0.1498899988125218
1961,1425.9029036981829,0.9997595362882361,0.10268267199251127,2.0,7.0,0.0,-1425.8801104061238,-0.21785312730969095,1.0162361275498082,0.14216583940262614
1962,1424.428120974572,0.9862535350976629,0.13406260232242445,3.0,11.0,0.0,-1423.67271878559,-0.21733086257804538,1.0167209145124985,0.1530087445975223
1963,1426.4499441778578,0.9878960096506965,0.11295602182469806,4.0,31.0,0.0,-1425.7932863574874,-0.20325330082342297,1.0126267781626814,0.14221474691786126
1964,1426.7213478611964,0.9465161048767661,0.09999569550055215,4.0,31.0,0.0,-1424.5288976686022,-0.20827452494461074,1.0142045751639677,0.14802480695704603
1965,1426.8241301273822,0.9998336728775118,0.10268267199251127,2.0,7.0,0.0,-1425.7308056646614,-0.21514711747787918,1.0166562607744607,0.142428686249492
1966,1423.5412560176705,0.9995518848769055,0.13406260232242445,4.0,15.0,0.0,-1422.49246122044,-0.20332213675429492,1.0138187330837227,0.15476291674607415
1967,1426.9218170717274,0.5644370823538194,0.11295602182469806,4.0,23.0,0.0,-1421.3883993945853,-0.18971898250963473,1.0101176340956155,0.14325861636512457
1968,1426.5638804835778,0.9373872252336276,0.09999569550055215,5.0,31.0,0.0,-1425.773422167863,-0.23539687771477175,1.023984885451316,0.14379611444529394
1969,1427.1311980539638,0.9968606553576504,0.10268267199251127,5.0,63.0,0.0,-1426.3731704062063,-0.22425418125711077,1.0203741473572292,0.1451941235580455
1970,1426.9131610134314,0.9751485440783151,0.13406260232242445,4.0,15.0,0.0,-1422.8221888346263,-0.1935928614878679,1.011439764659841,0.14773552306660598
1971,1426.9774214202496,0.8923907596271624,0.11295602182469806,2.0,7.0,0.0,-1426.247329402104,-0.19425100822156197,1.0106061574151601,0.14361538639892987
1972,1426.644878116044,0.9504665024043571,0.09999569550055215,5.0,63.0,0.0,-1425.5775034748292,-0.173927554033781,1.0053721206516382,0.14486497787304767
1973,1427.065447003779,0.9529690938731032,0.10268267199251127,4.0,31.0,0.0,-1426.4607125157693,-0.21364069909678293,1.0165698529642877,0.14769964405170183
1974,1424.459656330738,0.4577424007480884,0.13406260232242445,2.0,3.0,0.0,-1423.4754499552591,-0.20021031958347496,1.0098255280948776,0.14747639780782368
1975,1426.6056835338322,0.8692735435315786,0.11295602182469806,5.0,43.0,0.0,-1425.2921449434662,-0.22701552928000193,1.0195702760639966,0.14315897547328466
1976,1426.8610272787769,0.9975068226631744,0.09999569550055215,5.0,31.0,0.0,-1425.4813558102799,-0.20956914173458238,1.0153916227069222,0.148554901912236
1977,1427.2423067162665,0.9900288846655203,0.10268267199251127,4.0,31.0,0.0,-1426.7656340381354,-0.21034874457538186,1.016463120457099,0.14544479679453037
1978,1426.2974439326242,0.9959366157552701,0.13406260232242445,3.0,15.0,0.0,-1424.2499611579958,-0.18787096168823064,1.0109896109903174,0.14688285651420052
1979,1426.2810871206152,0.8108646371606043,0.11295602182469806,3.0,11.0,0.0,-1423.9959213180987,-0.22767866001223588,1.0214459363108963,0.1414637069723902
1980,1427.2941497340694,0.9999964230729239,0.09999569550055215,5.0,31.0,0.0,-1426.7160255493118,-0.2017570776929629,1.0132515768581793,0.1446039750602516
1981,1427.1228803741867,0.9573820937269236,0.10268267199251127,3.0,15.0,0.0,-1426.4208675860855,-0.22657076973161971,1.0201100398023915,0.14568607640178696
1982,1426.9909062963015,0.9822932616824063,0.13406260232242445,2.0,3.0,0.0,-1426.3185410141723,-0.19191622899652164,1.010061135805159,0.1470320166382775
1983,1426.772690633899,0.9540682506069249,0.11295602182469806,2.0,7.0,0.0,-1425.701687079827,-0.22553935281137324,1.0199604364019397,0.14248321021245816
1984,1426.4425292716487,0.9624596957133913,0.09999569550055215,4.0,31.0,0.0,-1425.9543144945217,-0.18219546020031838,1.0086574655715603,0.14299261325348
1985,1426.4440805257316,0.9319800940767969,0.10268267199251127,3.0,15.0,0.0,-1425.7732369394978,-0.23473669531747712,1.024173598991131,0.144740927495232
1986,1426.7257682369595,0.8457319232961865,0.13406260232242445,2.0,3.0,0.0,-1426.1899421232583,-0.1944856498303983,1.0101616668287152,0.14719359405639917
1987,1426.1544794247013,0.614370215519461,0.11295602182469806,4.0,19.0,0.0,-1422.934505135573,-0.20567803894408793,1.0164135531462557,0.14739117940085553
1988,1426.7283538627128,0.9370606550745825,0.09999569550055215,5.0,35.0,0.0,-1425.2805667702944,-0.23203160891004787,1.0210097358271444,0.1452320403617355
1989,1426.7978703988035,1.0,0.10268267199251127,2.0,3.0,0.0,-1426.4380046710082,-0.23615858270799014,1.022618552754042,0.1448686051802179
1990,1427.006629012678,0.9998866657764677,0.13406260232242445,4.0,31.0,0.0,-1426.4886731057034,-0.20717432479813624,1.0160136277456517,0.14596389822586747
1991,1426.2006620911352,0.9988810392209582,0.11295602182469806,4.0,19.0,0.0,-1424.7510681567724,-0.2000718005915051,1.0147215630295037,0.14356802885119158
1992,1426.9305546574296,0.9937067230800036,0.09999569550055215,4.0,23.0,0.0,-1425.0594974448381,-0.20960160791438187,1.014416307262689,0.14499551923868315
1993,1426.8478491314327,0.9990455812802721,0.10268267199251127,4.0,15.0,0.0,-1426.664133920195,-0.23456597011407598,1.0231643149207739,0.14405812599492873
1994,1425.3880870733533,0.8694249213314471,0.13406260232242445,3.0,15.0,0.0,-1423.4016682811662,-0.20039289168728042,1.0142331889339145,0.13995501321959503
1995,1426.4868152253948,1.0,0.11295602182469806,4.0,31.0,0.0,-1426.1173840827073,-0.19665509446152682,1.0103062486944219,0.1443752563398931
1996,1426.7176409443555,0.999586106197718,0.09999569550055215,4.0,19.0,0.0,-1426.3230631853314,-0.2183505031132271,1.0169661106327403,0.14338153970195308
1997,1425.6473363114078,0.9660705355473022,0.10268267199251127,5.0,31.0,0.0,-1425.4391587479192,-0.25634222443803173,1.0302455540655029,0.14589925101844597
1998,1427.0941503122108,0.9994592211183675,0.13406260232242445,4.0,31.0,0.0,-1424.4210823653807,-0.21096337619101432,1.0150688041027904,0.1454399488867802
1999,1427.1115319306969,0.9412992965826191,0.11295602182469806,2.0,3.0,0.0,-1426.0859436690432,-0.19260055275878432,1.0104662038630818,0.14415564800473155
2000,1426.531593046792,0.9656614327771526,0.09999569550055215,4.0,27.0,0.0,-1425.7919184684035,-0.20011367813194395,1.014521234076585,0.14644851118301194
2001,1426.1802397984493,0.913052660608449,0.10268267199251127,5.0,63.0,0.0,-1424.499262104867,-0.2043899452230971,1.0159810428786777,0.14340514822963846
2002,1426.0335872102607,0.9958432915204559,0.13406260232242445,4.0,15.0,0.0,-1425.6849929412906,-0.24225417797110058,1.0249666721170885,0.141711454672209
2003,1425.2579506525735,0.9424890487319909,0.11295602182469806,4.0,31.0,0.0,-1424.950907026275,-0.19833828182077537,1.0135134550048919,0.15156167886369365
2004,1423.2597423596587,0.9348799278177845,0.09999569550055215,4.0,31.0,0.0,-1420.4282474170316,-0.2728914941882161,1.0336634896034442,0.13978518568734968
2005,1426.2131626271798,0.9998209896147605,0.10268267199251127,4.0,27.0,0.0,-1425.1215064847415,-0.19638775593069063,1.010213895443261,0.14804464662666744
2006,1426.9517052944777,0.9990022460358021,0.13406260232242445,4.0,23.0,0.0,-1424.965870132026,-0.22094408624032652,1.0190213419064775,0.14793388261435758
2007,1425.6381337565447,0.6347228758443135,0.11295602182469806,2.0,3.0,0.0,-1421.4851011048827,-0.20619282418764304,1.0135160981032334,0.15088389515579775
2008,1419.5491650144845,0.5797146135870668,0.09999569550055215,5.0,63.0,0.0,-1416.7696108754062,-0.2492660629708409,1.0234815044032204,0.15490228911056686
2009,1425.5888686290862,0.9928178265267176,0.10268267199251127,5.0,35.0,0.0,-1424.8566046955818,-0.2571461365327156,1.028110715502674,0.14453750156004508
2010,1424.6450887339006,0.8407610503559976,0.13406260232242445,5.0,31.0,0.0,-1424.4483278224752,-0.20231310329768723,1.0114971697816106,0.14001256661927847
2011,1423.424620441614,0.977076482472483,0.11295602182469806,4.0,27.0,0.0,-1422.0436961543144,-0.19819002669756133,1.0137619372153466,0.15420176678720104
2012,1422.8807151125072,0.9945245222720114,0.09999569550055215,2.0,7.0,0.0,-1419.702084645594,-0.2427268336933446,1.0246402979551616,0.154807737501241
2013,1425.7117772140516,0.9603980560641645,0.10268267199251127,5.0,35.0,0.0,-1424.4399207913716,-0.16546941722516814,1.0043965138105004,0.14537064172025413
2014,1425.5705767518002,0.9983078621479031,0.13406260232242445,2.0,7.0,0.0,-1424.3445485890077,-0.20008455037755052,1.0123990930387414,0.1395978710273391
2015,1426.9101383681957,0.9959688864507658,0.11295602182469806,4.0,31.0,0.0,-1423.1496172324646,-0.21066869360092405,1.0171368402857437,0.14624787364117783
2016,1424.9503579421516,0.9968354675941113,0.09999569550055215,5.0,31.0,0.0,-1422.4177691804227,-0.22030024467120993,1.018786746163644,0.13859871058599274
2017,1427.094110120447,0.8469147009404957,0.10268267199251127,5.0,35.0,0.0,-1423.016464712607,-0.22611065658068713,1.020509698638113,0.14665720471436755
2018,1424.0174219246874,0.9444547181887782,0.13406260232242445,5.0,31.0,0.0,-1423.2814443454527,-0.1663858894469302,1.0022894727165925,0.15237756536613611
2019,1426.9101383681957,0.6607093431999701,0.11295602182469806,1.0,3.0,0.0,-1424.603141475808,-0.21066869360092405,1.0171368402857437,0.14624787364117783
2020,1426.0908334118087,0.9133554459614595,0.09999569550055215,3.0,11.0,0.0,-1424.2222041733005,-0.21519724553392403,1.0179473281842684,0.14066551354510276
2021,1426.8259883068376,0.9364981637352017,0.10268267199251127,4.0,23.0,0.0,-1425.8127173336513,-0.2172902079848333,1.0165240521777015,0.14524576666926745
2022,1426.0344616704233,0.9614437293779435,0.13406260232242445,3.0,15.0,0.0,-1422.2605796836506,-0.18221487921268498,1.0063465164660155,0.14820847906889278
2023,1427.1523477142111,0.9994447214606851,0.11295602182469806,4.0,27.0,0.0,-1425.8408180268007,-0.20747386028791273,1.0141933921553317,0.14572846097578
2024,1427.0326825412776,0.7974899422766577,0.09999569550055215,3.0,11.0,0.0,-1424.6184690947202,-0.21043257397536883,1.0153728433353324,0.14307202635107444
2025,1426.9956204599737,0.9964939996298289,0.10268267199251127,4.0,19.0,0.0,-1426.2622898906898,-0.19179064532909898,1.0111499535547126,0.14406581689751868
2026,1425.8994278579335,0.8306610732146604,0.13406260232242445,5.0,39.0,0.0,-1424.0139460018117,-0.25064243785824236,1.026312301756915,0.14395528838503877
2027,1425.2616159214438,0.7839959965188837,0.11295602182469806,3.0,15.0,0.0,-1424.4426677738224,-0.21088951094609967,1.01867727411191,0.14433264381538427
2028,1426.5423934948142,0.7190290308588312,0.09999569550055215,2.0,7.0,0.0,-1424.9643125576845,-0.20870557106893858,1.0164964779113395,0.1423262493508027
2029,1426.4209008165983,0.9954227967497667,0.10268267199251127,5.0,31.0,0.0,-1426.1478905764516,-0.22370431196811072,1.0190978735881173,0.1493164883129337
2030,1424.6576305662172,0.3900376539375478,0.13406260232242445,2.0,3.0,0.0,-1420.7657953547055,-0.2547793005133381,1.0263188084290562,0.14476811306436585
2031,1426.6269816528572,0.6629138218873831,0.11295602182469806,4.0,19.0,0.0,-1420.9612773911751,-0.24290446103402863,1.025568832136134,0.14603599418641366
2032,1426.920509118162,0.9980357771541983,0.09999569550055215,4.0,21.0,0.0,-1424.7464950462127,-0.19941262416595545,1.0119659087924193,0.14757292671485064
2033,1426.5344966380935,0.9255149825472812,0.10268267199251127,4.0,31.0,0.0,-1424.9926359778124,-0.19216277419962127,1.0118692118418198,0.1476322159823105
2034,1426.7871100546615,0.9977602110425147,0.13406260232242445,5.0,31.0,0.0,-1424.6711609748209,-0.21425406829734434,1.0156982648771768,0.14397038665713166
2035,1426.1754655608415,0.8065521701637631,0.11295602182469806,4.0,31.0,0.0,-1424.5930014597263,-0.22272111854210083,1.0175771037504897,0.14720806874381132
2036,1425.12955611396,0.9195149277209366,0.09999569550055215,4.0,19.0,0.0,-1424.8488192773762,-0.1964763718221079,1.0135328214091759,0.1509772595167871
2037,1426.726101881981,0.995369523076883,0.10268267199251127,4.0,31.0,0.0,-1424.143325598734,-0.23473578725128835,1.0222300304621101,0.14710457981507863
2038,1424.8232777682963,0.7405494411678922,0.13406260232242445,4.0,19.0,0.0,-1424.279355871919,-0.20472010446532013,1.0113075331744013,0.1440438259643583
2039,1426.15089787595,0.9961439121281346,0.11295602182469806,4.0,31.0,0.0,-1424.4426146020744,-0.23337914721206682,1.0238030807558502,0.1481824796163934
2040,1424.9304443896758,0.9640636229466487,0.09999569550055215,2.0,7.0,0.0,-1424.321670617095,-0.19736494736411153,1.0141246002710493,0.1507357916486038
2041,1426.737830492331,0.9995204438208983,0.10268267199251127,6.0,63.0,0.0,-1426.3377781746763,-0.22353241734601884,1.019178653396647,0.1423765710219919
2042,1425.9069884433545,0.9737927298476864,0.13406260232242445,3.0,15.0,0.0,-1423.4742424783692,-0.18990369776112567,1.0079193266441842,0.14658707467761944
2043,1426.8430215564936,0.9687735521887442,0.11295602182469806,5.0,31.0,0.0,-1425.4134156721245,-0.19607350453288505,1.0129562058683481,0.1449775051380187
2044,1425.330136828058,0.8617831256616929,0.09999569550055215,2.0,3.0,0.0,-1422.8895471455776,-0.20482661817075054,1.0127579284623442,0.1509924993946439
2045,1426.0838222810762,0.8068557171989542,0.10268267199251127,5.0,31.0,0.0,-1422.2516488928322,-0.21324286289851624,1.0171549634992505,0.14045613298659015
2046,1426.738270549742,0.9033962315855355,0.13406260232242445,3.0,11.0,0.0,-1424.948869350965,-0.19277177073378146,1.0101279924348057,0.1480874786180019
2047,1425.3320679955227,0.9972796681373408,0.11295602182469806,5.0,31.0,0.0,-1424.332428323369,-0.26245154353619154,1.0296566208260238,0.1450509571167742
2048,1424.1551330023692,0.5671315793579909,0.09999569550055215,2.0,3.0,0.0,-1421.4269231627763,-0.20824862973846667,1.0124658694724287,0.15045980305075862
2049,1426.744217774914,0.9131361916761832,0.10268267199251127,4.0,31.0,0.0,-1425.070603062083,-0.20179157695083386,1.014588075031861,0.14347281088092786
2050,1426.35875100453,0.9686989381477812,0.13406260232242445,4.0,31.0,0.0,-1425.244068814046,-0.21146057337011165,1.0150886204908773,0.14920252727601743
2051,1426.8731716077034,0.9997404847367163,0.11295602182469806,5.0,47.0,0.0,-1424.951270379136,-0.20722152475334651,1.0161534710422313,0.14418287327913779
2052,1425.7724169610872,0.9978735370067681,0.09999569550055215,2.0,7.0,0.0,-1424.1423918225491,-0.20225374859512749,1.0142872437927448,0.15094799659334937
2053,1426.006761217333,0.7822653596026147,0.10268267199251127,3.0,11.0,0.0,-1424.2661388778283,-0.19796529140908756,1.014327359901449,0.14394081019970778
2054,1426.5636836492058,0.9898366070874701,0.13406260232242445,4.0,15.0,0.0,-1426.146173401252,-0.21580624060835862,1.0161465146575728,0.14799826274718136
2055,1426.4790601265183,0.7062565819987725,0.11295602182469806,3.0,11.0,0.0,-1424.0424725853659,-0.21618589596455043,1.0157954767220492,0.1450469097445027
2056,1425.1512255420996,0.9886233120939258,0.09999569550055215,5.0,31.0,0.0,-1424.343122024457,-0.16491528665553087,1.0017947616333858,0.14146420425284575
2057,1425.7738683003658,0.9953813864588567,0.10268267199251127,4.0,31.0,0.0,-1425.1614456178913,-0.22188933471374048,1.0210655198905243,0.14243282444523617
2058,1426.7874406424276,0.9972877263906016,0.13406260232242445,4.0,23.0,0.0,-1426.102681996896,-0.2217322152287574,1.017841518199444,0.1459936974393398
2059,1426.1901674599835,0.9999085310635142,0.11295602182469806,4.0,31.0,0.0,-1422.446828911696,-0.18313385637510346,1.0065256196533003,0.1437278079233009
2060,1426.6727122808327,0.9878938312593427,0.09999569550055215,5.0,31.0,0.0,-1424.0702241552972,-0.23731548793400314,1.0227221185591004,0.14505302845369655
2061,1423.3815791215632,0.9826128741854361,0.10268267199251127,5.0,31.0,0.0,-1422.965282561119,-0.2706652706201237,1.0355934403499258,0.14747758657408108
2062,1423.9356194102809,0.7803060648740316,0.13406260232242445,4.0,23.0,0.0,-1421.155659669222,-0.19593360778822488,1.0133648106270239,0.13839417108432087
2063,1426.4977338315082,0.9867350466546496,0.11295602182469806,5.0,31.0,0.0,-1425.5354585948173,-0.22576071986804708,1.0188174460795976,0.14398873529343917
2064,1427.185944806531,0.9639245627043473,0.09999569550055215,3.0,15.0,0.0,-1426.0780208804827,-0.22175084395331904,1.0186642568994768,0.14484324357250625
2065,1421.6824164792367,0.8983369139151556,0.10268267199251127,5.0,31.0,0.0,-1420.2405820456995,-0.2741894131873895,1.031182228570997,0.14210098527606826
2066,1426.5203066803806,0.9560970092151546,0.13406260232242445,4.0,15.0,0.0,-1423.5270035200438,-0.21362243963483846,1.016751319268859,0.1412654110943317
2067,1426.8804672480737,0.8303671361272255,0.11295602182469806,2.0,3.0,0.0,-1424.82218831862,-0.217587858699157,1.0189159467348587,0.14361321292501442
2068,1426.490072363323,0.9930643308121225,0.09999569550055215,4.0,31.0,0.0,-1425.8465330492663,-0.24241887390842096,1.0256253947026088,0.14385126720454158
2069,1423.1652854672066,0.9983624647532439,0.10268267199251127,2.0,7.0,0.0,-1421.576169349792,-0.26192015757731074,1.0332025764222268,0.1419474487479445
2070,1425.5409487048673,0.7152648806449957,0.13406260232242445,2.0,5.0,0.0,-1424.6976746824646,-0.2155820549685398,1.0158600822688855,0.14059019591004643
2071,1426.6720469762495,0.9998961153338226,0.11295602182469806,4.0,31.0,0.0,-1426.3408704269752,-0.19576304672929043,1.010642884422841,0.14790519303642896
2072,1426.528224452541,0.9942855704492358,0.09999569550055215,5.0,31.0,0.0,-1425.935838856845,-0.23825407585388444,1.0236818938985623,0.14803279061127073
2073,1425.009459416407,0.9954727053988599,0.10268267199251127,5.0,43.0,0.0,-1421.3704435226582,-0.19765195524699497,1.0097462331768865,0.14213648505518459
2074,1426.8792229462888,0.9953566607097573,0.13406260232242445,5.0,31.0,0.0,-1424.3427419950092,-0.23286007077215082,1.0219240842298811,0.14393250595151208
2075,1426.7135915371227,0.9467722464602956,0.11295602182469806,2.0,3.0,0.0,-1426.109232968888,-0.19338161627128705,1.0102152003192786,0.14809203623623124
2076,1426.5842466637007,0.7628042762599483,0.09999569550055215,2.0,3.0,0.0,-1424.706621640463,-0.23997287642168158,1.0244176210363587,0.1475356792165229
2077,1426.1966474036599,0.9411969969133354,0.10268267199251127,5.0,63.0,0.0,-1422.9120526972786,-0.23007146743270618,1.0211918407219716,0.14118259131552566
2078,1427.2273548800551,0.9413625421227771,0.13406260232242445,3.0,11.0,0.0,-1426.3964924571212,-0.2225631539977678,1.0194454177564283,0.14482284076713817
2079,1426.6322795537667,0.9141882226142821,0.11295602182469806,5.0,63.0,0.0,-1425.541782150397,-0.20852323038169499,1.014373381588458,0.14856193563671732
2080,1425.3532681778033,0.9974369192556478,0.09999569550055215,5.0,31.0,0.0,-1424.336388337751,-0.20492330081049157,1.0143330973937683,0.15205941452822602
2081,1425.4390570549904,0.973291777653445,0.10268267199251127,3.0,11.0,0.0,-1424.499038903364,-0.23050413057566557,1.0220688838467855,0.13976285622033163
2082,1426.3341225134725,0.9832397214303548,0.13406260232242445,5.0,31.0,0.0,-1425.8021366178193,-0.17710737440002797,1.0061341899681464,0.14241631316443423
2083,1426.464767394377,0.9974186772868157,0.11295602182469806,5.0,63.0,0.0,-1425.4012969633495,-0.23337183776396334,1.0234804076314974,0.1477133503245986
2084,1425.531687333386,0.9645292269510591,0.09999569550055215,4.0,31.0,0.0,-1421.136463466212,-0.2192550457708408,1.0175019494054018,0.15124704056030222
2085,1426.622353165264,0.9127591932597706,0.10268267199251127,5.0,31.0,0.0,-1424.4759478393173,-0.20440640288077236,1.0156815094251317,0.14438097242566572
2086,1426.9042827353846,0.9631189380411512,0.13406260232242445,5.0,31.0,0.0,-1425.749801842131,-0.2142217432990063,1.0175787910268048,0.14798787789232712
2087,1426.4468411647993,0.9217173556532571,0.11295602182469806,2.0,3.0,0.0,-1425.7008854461783,-0.23335409448882868,1.0214227320611382,0.14782434846873968
2088,1426.85227537502,0.7592470010490647,0.09999569550055215,4.0,19.0,0.0,-1423.1769710399244,-0.2094267613380876,1.0149657271501458,0.14827073025692464
2089,1427.2320668823475,0.9983644287340009,0.10268267199251127,4.0,31.0,0.0,-1426.1014773044458,-0.2055962268955005,1.0148309241908169,0.144041534271046
2090,1425.9775697849623,0.8240346488211467,0.13406260232242445,5.0,31.0,0.0,-1423.5262572694965,-0.23836926813359172,1.0228934049623761,0.1419472784594367
2091,1426.1817194855732,0.999701624403319,0.11295602182469806,5.0,63.0,0.0,-1423.098515789862,-0.16859424376604387,1.0040483511888958,0.14774741457442508
2092,1427.0628423674293,0.9790272283214511,0.09999569550055215,3.0,11.0,0.0,-1426.5889383682052,-0.21028356568301523,1.0150445596505897,0.14692999872207657
2093,1425.7907823556868,0.923451262431142,0.10268267199251127,4.0,27.0,0.0,-1424.081972643828,-0.19853550601451234,1.0108389976955339,0.14956719707012356
2094,1426.2129596750997,0.8792965671758859,0.13406260232242445,4.0,29.0,0.0,-1424.9238958063486,-0.21881395672256865,1.0196927488143899,0.14217282142146995
2095,1425.7043059360358,0.846017865201319,0.11295602182469806,5.0,31.0,0.0,-1424.5208553243122,-0.17549504998937906,1.0075753861296914,0.1436134593114777
2096,1426.5974031163437,0.9785396422811067,0.09999569550055215,4.0,19.0,0.0,-1425.1318677516708,-0.2375422443721051,1.0239895407150978,0.14313655305205047
2097,1427.0965902188823,0.9946823947320841,0.10268267199251127,4.0,31.0,0.0,-1424.8722408200847,-0.21159520984100888,1.0153233220060864,0.146203704177862
2098,1425.0457848560627,0.8783263365337907,0.13406260232242445,3.0,11.0,0.0,-1424.5572526625272,-0.2161422909866605,1.0198858400982644,0.14182086445061678
2099,1423.7961597449705,0.8622942848670928,0.11295602182469806,2.0,3.0,0.0,-1423.4934588659426,-0.17444513212204163,1.0085986916337133,0.1434107548939403
2100,1426.8801481887053,0.9934178797252705,0.09999569550055215,5.0,31.0,0.0,-1425.8965933021993,-0.1994190516980493,1.0123930816166287,0.14249633756004476
2101,1427.1926178309743,0.9961219784756006,0.10268267199251127,4.0,23.0,0.0,-1426.9994308695736,-0.21496081672993472,1.0178455132583328,0.14575931076750823
2102,1425.533495957427,1.0,0.13406260232242445,5.0,31.0,0.0,-1424.1400278231945,-0.24822519830185238,1.0249810639658263,0.14698024951740696
2103,1421.8155187802686,0.9895548012978789,0.11295602182469806,5.0,31.0,0.0,-1419.3412722184835,-0.2251499018014042,1.0178881655239191,0.13677456298964671
2104,1426.5079253709564,0.9256316436880131,0.09999569550055215,6.0,63.0,0.0,-1425.9556233106375,-0.2056214702315882,1.0132347164447257,0.14833603627969488
2105,1426.8403670087869,0.9991372456858109,0.10268267199251127,4.0,31.0,0.0,-1425.060316465246,-0.22225453445499121,1.0190108759416425,0.14825980178233977
2106,1425.0108444057375,0.7443674466273777,0.13406260232242445,2.0,3.0,0.0,-1422.6876106296118,-0.24038423538637266,1.0269437518572642,0.14663190996467043
2107,1424.2997612324743,0.9998219973688108,0.11295602182469806,4.0,15.0,0.0,-1421.0913880250819,-0.19691264210360868,1.0132887219333708,0.13842428071961704
2108,1427.0694970578306,0.9707445593439403,0.09999569550055215,3.0,11.0,0.0,-1426.172488048488,-0.20975155351627647,1.0164481285204512,0.1469084155473154
2109,1426.4093368113474,0.9909130765328872,0.10268267199251127,5.0,31.0,0.0,-1425.8584922197103,-0.24228570670924493,1.0244639660541786,0.14760364489119332
2110,1426.4065219565812,1.0,0.13406260232242445,3.0,15.0,0.0,-1424.4385310201144,-0.22442592552562685,1.0215009082233861,0.14423587308968927
2111,1422.5675708891936,0.985259358263949,0.11295602182469806,4.0,15.0,0.0,-1421.3830734710293,-0.20756356292071285,1.014192867103366,0.13604130115274793
2112,1425.0538238867323,0.9808340385430949,0.09999569550055215,5.0,39.0,0.0,-1424.6174097193184,-0.15013376112616897,0.9992274196378801,0.1478111613026158
2113,1426.5372399610592,0.9577068435863219,0.10268267199251127,5.0,63.0,0.0,-1425.5837315483225,-0.24317333953377981,1.0253491970738458,0.14374192513321635
2114,1426.8757884482952,1.0,0.13406260232242445,2.0,3.0,0.0,-1426.5324071813282,-0.22826929426751352,1.02015015761669,0.14424122419117208
2115,1425.7612906597303,0.9180774503790846,0.11295602182469806,5.0,31.0,0.0,-1421.1640924317062,-0.24313198237577285,1.0237845482016894,0.14812994216330444
2116,1426.2275809906214,0.9189459809729036,0.09999569550055215,5.0,31.0,0.0,-1424.2732817654692,-0.24910287317418844,1.0263011901274242,0.1442451410286239
2117,1424.7282978817998,0.8636272219537513,0.10268267199251127,5.0,63.0,0.0,-1422.1586380953704,-0.17742163993946955,1.006656449704103,0.1390693374599978
2118,1426.575938875598,0.9088956955526283,0.13406260232242445,1.0,1.0,0.0,-1426.5231711850251,-0.22860352008815357,1.019765515647923,0.14426218963515727
2119,1424.4964733656482,0.8797257705524962,0.11295602182469806,5.0,31.0,0.0,-1423.9121644458205,-0.23031477598365024,1.0188962266742823,0.14220191360984294
2120,1424.6856599657885,0.9998697201654205,0.09999569550055215,4.0,15.0,0.0,-1424.4180745533504,-0.27683404243859405,1.035208345741094,0.14593500676763205
2121,1426.1481793155103,0.9714236604887534,0.10268267199251127,5.0,31.0,0.0,-1422.9869605222932,-0.24934594814376912,1.0278530363660727,0.14675200941160588
2122,1426.314301050508,0.8825572691054028,0.13406260232242445,4.0,19.0,0.0,-1425.4442833402707,-0.21613397393130704,1.0157526306890616,0.14722750869104348
2123,1426.1809625614026,0.9642245518976054,0.11295602182469806,4.0,23.0,0.0,-1423.4962282772528,-0.20512727388508617,1.012840827382195,0.14882230255571027
2124,1425.997363058113,0.9758215139374083,0.09999569550055215,4.0,15.0,0.0,-1424.2616108588131,-0.25346336241189177,1.0279991701243871,0.14758001673815202
2125,1426.0928987988773,0.9967545819547703,0.10268267199251127,5.0,31.0,0.0,-1420.6707310476809,-0.19472977240472064,1.0106031207281096,0.14091759651205174
2126,1427.1644638086855,0.9934791133786819,0.13406260232242445,1.0,3.0,0.0,-1426.4024746892667,-0.2135010867391508,1.016847213844879,0.14725150850814425
2127,1426.9252486859293,0.9985643038008559,0.11295602182469806,4.0,27.0,0.0,-1424.8436949239688,-0.20860854999251682,1.0159366971096027,0.14801275402405942
2128,1426.7130512283927,0.9968729973235955,0.09999569550055215,4.0,23.0,0.0,-1425.8331926049436,-0.2395763307249516,1.023869832624931,0.1465417783976565
2129,1426.2288652234577,0.9773783094079281,0.10268267199251127,5.0,63.0,0.0,-1424.8398067094954,-0.17065643012987455,1.0034325905941996,0.1455952645638398
2130,1426.4162112266401,0.9984353845170164,0.13406260232242445,4.0,31.0,0.0,-1425.5145316436874,-0.23622714182354887,1.023402654075903,0.1486991951846001
2131,1426.6753059242915,0.9997856544657318,0.11295602182469806,4.0,15.0,0.0,-1426.5887863575479,-0.20523372363401485,1.0140451411028053,0.1490816482050773
2132,1427.3221631461433,0.9766597995233476,0.09999569550055215,4.0,27.0,0.0,-1425.9730781646108,-0.2092391404168803,1.015606233197724,0.14609091911595223
2133,1426.5491345305352,0.9881318020001306,0.10268267199251127,5.0,31.0,0.0,-1425.4519725517687,-0.20839675643374264,1.014392081883069,0.1489265439928728
2134,1426.6107393297796,0.9666967765496042,0.13406260232242445,4.0,15.0,0.0,-1426.0994209024363,-0.23787814353734327,1.0244994310241646,0.14685299480424022
2135,1426.5032924541138,0.9248906105179749,0.11295602182469806,2.0,3.0,0.0,-1426.3319478393169,-0.2032320626649333,1.0146921873112373,0.14902284684152833
2136,1426.456783955804,0.9631191281236913,0.09999569550055215,5.0,31.0,0.0,-1425.4136348472605,-0.18130489983177994,1.0083827903530136,0.14776106964019098
2137,1425.5699362753694,0.9361283446248193,0.10268267199251127,5.0,31.0,0.0,-1424.0146095310408,-0.18512443866195843,1.008618515012488,0.15111587266324839
2138,1427.1244671409945,0.9738875826594919,0.13406260232242445,4.0,31.0,0.0,-1425.5913968606467,-0.21085236964586596,1.0167532013304463,0.14648904083726555
2139,1425.8490435682158,0.9459241049058836,0.11295602182469806,5.0,31.0,0.0,-1425.5369555953607,-0.19448329046077653,1.0095401674207023,0.14886436619301738
2140,1427.231016277928,0.9949995621689683,0.09999569550055215,4.0,31.0,0.0,-1425.8483645592996,-0.20957334597736532,1.015042474575651,0.1445997324357781
2141,1425.382313293211,0.8997460687373118,0.10268267199251127,2.0,3.0,0.0,-1424.6547103742598,-0.1827825267202766,1.008209252552253,0.15132973226388985
2142,1425.6654373083265,0.946231232864643,0.13406260232242445,6.0,63.0,0.0,-1424.9812072498944,-0.26202430949837785,1.0310252780249316,0.1447367387514768
2143,1426.7572910606527,0.9961322485307994,0.11295602182469806,5.0,31.0,0.0,-1424.8041106793264,-0.22903781552224797,1.0220494073479676,0.1435671622795434
2144,1426.5800642616555,0.9902591355976752,0.09999569550055215,4.0,23.0,0.0,-1426.3216141690395,-0.19172842866367829,1.0096246947333938,0.14829908731107003
2145,1425.2225911764851,0.8635749560628369,0.10268267199251127,2.0,3.0,0.0,-1424.2248780607963,-0.18265739203398879,1.0069365290905523,0.15119972589177966
2146,1424.7199063585422,0.37298455855857066,0.13406260232242445,5.0,35.0,0.0,-1418.1137943868841,-0.18228370354636847,1.0099671095166474,0.1500770517258585
2147,1427.2296492664825,0.9325496186592503,0.11295602182469806,3.0,15.0,0.0,-1425.584059697415,-0.21880012212892516,1.0185832158334347,0.1462205108351361
2148,1426.3416302879752,0.9992004378484821,0.09999569550055215,5.0,63.0,0.0,-1425.7849145408613,-0.21837539318474142,1.017321365676449,0.14947808678234167
2149,1426.2248342115302,0.9985332024744414,0.10268267199251127,5.0,51.0,0.0,-1424.9866417919436,-0.19679700376233256,1.0128723884017081,0.14960967169822878
2150,1424.9372596000687,0.8409398641817473,0.13406260232242445,5.0,31.0,0.0,-1422.346841494927,-0.21597026945251033,1.0147205782208035,0.14813508982425014
2151,1426.8303973219715,0.9323338085616745,0.11295602182469806,4.0,31.0,0.0,-1425.8120002757685,-0.19447339637643762,1.010120056305479,0.1460609958950846
2152,1427.1024189318298,0.9979642171412897,0.09999569550055215,4.0,31.0,0.0,-1425.6423801231451,-0.20348726028220449,1.0147722737752232,0.1457739275557571
2153,1427.149089922012,0.9997945573541019,0.10268267199251127,4.0,31.0,0.0,-1426.01212604852,-0.21405624548382857,1.0177187651678177,0.14514296204311108
2154,1427.0700305695136,0.9502442759954536,0.13406260232242445,3.0,11.0,0.0,-1424.2041816666288,-0.21518174848695182,1.0177295271587694,0.14735536118056558
2155,1427.015107063778,0.8635814576934415,0.11295602182469806,4.0,23.0,0.0,-1424.5725015781618,-0.20211118079198526,1.014324133288271,0.14690986622608365
2156,1426.375070175071,0.9983429145789265,0.09999569550055215,4.0,31.0,0.0,-1425.141177372185,-0.23089218361228353,1.0213627100538147,0.14917960818251208
2157,1422.9643832093166,0.6383980169491511,0.10268267199251127,2.0,3.0,0.0,-1422.4360720259403,-0.21955627835393782,1.014585828182292,0.14475028075902413
2158,1425.9183484089492,0.7497483879135133,0.13406260232242445,4.0,19.0,0.0,-1424.8217671597595,-0.1982075100425642,1.0101516465126128,0.14566928913320076
2159,1424.1967950874034,0.8553868786733023,0.11295602182469806,5.0,39.0,0.0,-1421.1259830236825,-0.25949131965456923,1.027889388027651,0.14905849631712295
2160,1424.5930484710989,0.8607792685550041,0.09999569550055215,5.0,35.0,0.0,-1423.6481247592048,-0.1712496970966558,1.0061899765089086,0.14049493099748692
2161,1427.23000116696,1.0,0.10268267199251127,2.0,3.0,0.0,-1422.8506602695466,-0.21230323896056819,1.0158469180841843,0.14458586960369424
2162,1425.0626655896492,0.9543183576753332,0.13406260232242445,5.0,31.0,0.0,-1423.599151792366,-0.25709040666557426,1.0274965715723656,0.14705713700115447
2163,1426.3021078752445,0.9998843841375373,0.11295602182469806,5.0,31.0,0.0,-1423.2994572084012,-0.21111954726014717,1.014747654805119,0.14890282072972788
2164,1426.0406529290674,1.0,0.09999569550055215,5.0,63.0,0.0,-1424.1753227974605,-0.22272718177005835,1.0211548377929869,0.14815706694569586
2165,1426.2518540974074,0.9312917424112076,0.10268267199251127,5.0,31.0,0.0,-1425.4562509983086,-0.18658038774805344,1.0086436792517803,0.1414051805379444
2166,1426.1365870620955,0.9876675944673661,0.13406260232242445,2.0,3.0,0.0,-1424.9950408137995,-0.252226669665279,1.0281448863612088,0.147050447303663
2167,1425.58933783004,0.9585764823447216,0.11295602182469806,4.0,31.0,0.0,-1424.9333786517277,-0.22824614534104215,1.0229324025537674,0.14874432145210098
2168,1423.6197721466217,0.9997339499800227,0.09999569550055215,5.0,31.0,0.0,-1421.8443940561,-0.13410508573360802,0.9931906713689393,0.14874133040922857
2169,1426.5460154472464,0.9727416278972731,0.10268267199251127,5.0,31.0,0.0,-1425.7934390229425,-0.17741120915170852,1.0065226775195082,0.1431771844075334
2170,1425.4705599260692,0.6426413782953184,0.13406260232242445,5.0,31.0,0.0,-1422.91546520375,-0.24517346071251922,1.0243594293831773,0.14228272914567794
2171,1424.931815045733,0.5944355346824316,0.11295602182469806,4.0,23.0,0.0,-1418.5070896515178,-0.1899513215615394,1.0082777118667872,0.14020511035418304
2172,1422.529759774566,0.9475471539495646,0.09999569550055215,4.0,15.0,0.0,-1421.691858181745,-0.11818090282034316,0.9888175260556421,0.14720085130981556
2173,1427.0253711904356,1.0,0.10268267199251127,4.0,15.0,0.0,-1426.5258900743763,-0.1854044907270944,1.0088044148092914,0.14487652723149977
2174,1425.1266841719614,0.994084286657207,0.13406260232242445,5.0,31.0,0.0,-1424.0082381427228,-0.19641142902922293,1.0130071901314273,0.15171395905231527
2175,1425.7636855906944,0.7738191104827793,0.11295602182469806,2.0,3.0,0.0,-1423.1724951697322,-0.18788378700713135,1.0083257870126099,0.1408904152187543
2176,1424.521207772579,0.863689637272069,0.09999569550055215,5.0,31.0,0.0,-1420.3578766842488,-0.1481566226631111,0.9982461764480001,0.14180117295824263
2177,1427.0051451454613,0.9963658465177131,0.10268267199251127,4.0,15.0,0.0,-1426.9540803435982,-0.1853609047262031,1.008725529846946,0.14452903093752648
2178,1423.089766242323,0.9526765330985251,0.13406260232242445,4.0,15.0,0.0,-1422.577285834399,-0.18622033650555003,1.0072077516800522,0.15405049133787202
2179,1424.435080343205,0.8545224191133562,0.11295602182469806,5.0,31.0,0.0,-1423.3615088436084,-0.15753582254882198,1.0028928023075117,0.14696491561637248
2180,1422.6699003945498,0.7759265553206317,0.09999569550055215,5.0,39.0,0.0,-1422.0592562348377,-0.28023008789453996,1.033855792488696,0.1496182119412393
2181,1426.9931598797646,0.977088831476867,0.10268267199251127,5.0,31.0,0.0,-1426.7045367216233,-0.1932341892894373,1.0101515882698682,0.1443565723302424
2182,1423.3205203470668,0.9658081169844561,0.13406260232242445,5.0,31.0,0.0,-1419.5656858004888,-0.12745131615539526,0.9914034214792792,0.14411751642036771
2183,1425.9359476249838,1.0,0.11295602182469806,2.0,3.0,0.0,-1424.3740170363046,-0.16035364289996745,1.001394828824318,0.14680624624955066
2184,1422.545587881441,0.9648217550014281,0.09999569550055215,2.0,3.0,0.0,-1422.0319621456456,-0.2738852893934344,1.0366531666214382,0.1493767177915989
2185,1427.0173809231917,0.9839884284931116,0.10268267199251127,5.0,63.0,0.0,-1426.0673972545535,-0.22972269411149707,1.021473527314389,0.1440554410376019
2186,1423.971594336062,0.9999243568997079,0.13406260232242445,4.0,15.0,0.0,-1422.7998483716349,-0.13638557198464696,0.9944776284357842,0.14291473594782647
2187,1425.7641133121886,0.9037362201118208,0.11295602182469806,2.0,3.0,0.0,-1425.1697288396367,-0.1575404651009623,1.0006580293344591,0.146951068805836
2188,1426.0353720739731,0.9990529087872732,0.09999569550055215,5.0,31.0,0.0,-1422.6201415915825,-0.2423345625337153,1.0255056223847343,0.149085260699681
2189,1426.7936676490954,0.9980967271562806,0.10268267199251127,5.0,31.0,0.0,-1425.4257181967512,-0.23512593525511014,1.0231679893001848,0.14716979472317315
2190,1423.5055383185675,0.9973776299561331,0.13406260232242445,3.0,7.0,0.0,-1423.4878046607835,-0.13375431967114096,0.9934385912606569,0.14231638733992336
2191,1427.0398294748018,0.8906565978417622,0.11295602182469806,5.0,31.0,0.0,-1424.7999564779182,-0.19367036920858086,1.010930044299314,0.14342788120246716
2192,1425.9625114333746,0.9963089350197417,0.09999569550055215,5.0,31.0,0.0,-1425.1216404005033,-0.2548185648093148,1.0282564706782695,0.14376776601655814
2193,1426.6271131331685,0.9275685143281088,0.10268267199251127,4.0,23.0,0.0,-1423.988763488068,-0.22542035284943612,1.0188818879952102,0.1439596607333884
2194,1426.133817425799,0.9510968792055148,0.13406260232242445,5.0,31.0,0.0,-1422.9648259380128,-0.17439139102818058,1.0043897914535491,0.14354099075022497
2195,1425.8085400541092,0.8408326475879697,0.11295602182469806,5.0,31.0,0.0,-1425.2522993172672,-0.17394193839778715,1.007144182087073,0.14549184357229494
2196,1425.8783877903531,0.8509584532669495,0.09999569550055215,4.0,17.0,0.0,-1424.6800755083893,-0.22286722839486142,1.0216161961285146,0.14629289327273146
2197,1426.4473591147564,0.6704232323216615,0.10268267199251127,2.0,3.0,0.0,-1423.2273038986675,-0.2188042046044656,1.01994421603097,0.14432070584666837
2198,1427.1962325752675,0.9972516644935637,0.13406260232242445,5.0,31.0,0.0,-1425.5667121700706,-0.21627048388630876,1.0180628578389233,0.14434396715335418
2199,1425.3370761949695,1.0,0.11295602182469806,4.0,19.0,0.0,-1424.0463400509764,-0.1513444030874414,0.9990500848513286,0.14394118795208172
2200,1425.595232548889,0.8380760491171227,0.09999569550055215,3.0,15.0,0.0,-1423.4774237623762,-0.220489313253006,1.016310749937357,0.14591574594845055
2201,1423.3754940937292,0.7112929292892469,0.10268267199251127,3.0,15.0,0.0,-1421.8562357080286,-0.20357444441587352,1.0176189490547922,0.1473291099354547
2202,1425.104267616361,0.7611969410256764,0.13406260232242445,4.0,19.0,0.0,-1424.571881887369,-0.23515907370822708,1.0205603613042875,0.14787288650437963
2203,1425.7358143608749,0.9869789439309041,0.11295602182469806,4.0,15.0,0.0,-1425.02878399921,-0.15624070747874114,0.9999306187665172,0.14539551005259604
2204,1426.3348697535152,0.9882334744543609,0.09999569550055215,4.0,19.0,0.0,-1424.1956526485028,-0.23253033398130216,1.0211585384567519,0.1426066749205672
2205,1427.1675874830203,0.9980685758437895,0.10268267199251127,2.0,7.0,0.0,-1422.990212697312,-0.21452270944275742,1.0170945295467404,0.14721010917625107
2206,1426.2985828866347,0.7170413151407901,0.13406260232242445,2.0,3.0,0.0,-1422.7967635274401,-0.23532998598249005,1.02220231448496,0.14860787231730743
2207,1424.480858749773,0.9284712261383973,0.11295602182469806,4.0,15.0,0.0,-1424.2382196119806,-0.14749871067300485,0.9989094068935238,0.14282214589338244
2208,1426.6860767421185,0.9680859328958845,0.09999569550055215,2.0,7.0,0.0,-1426.0223621028126,-0.22848125339347708,1.021585223186947,0.14264455281208308
2209,1425.7403878427833,0.8896257710346684,0.10268267199251127,4.0,23.0,0.0,-1424.9299022433624,-0.20513672453521956,1.0124881273588247,0.14188193874386723
2210,1427.1843196177128,0.8940586990068995,0.13406260232242445,4.0,31.0,0.0,-1422.0070837570188,-0.21417107138313143,1.01729114235616,0.14691242324882547
2211,1424.480858749773,0.5982753034669449,0.11295602182469806,2.0,3.0,0.0,-1421.2225503169411,-0.14749871067300485,0.9989094068935238,0.14282214589338244
2212,1424.9157904763358,0.9966467097203268,0.09999569550055215,5.0,31.0,0.0,-1423.676295405817,-0.15553713489494847,1.000133930152443,0.14148142337796774
2213,1426.4256912651126,0.9996466517342633,0.10268267199251127,3.0,11.0,0.0,-1425.5326955105793,-0.19887421306982694,1.0139997601359587,0.1430035299848513
2214,1426.7673642987088,0.9420382810004277,0.13406260232242445,4.0,31.0,0.0,-1425.146404067677,-0.21975669432001413,1.0197858266686135,0.14408861100020248
2215,1426.6542205992216,0.9641646633925368,0.11295602182469806,4.0,19.0,0.0,-1423.7526103289208,-0.20393392609795594,1.0124765215070746,0.1462127858725221
2216,1425.1583019881928,0.9963553648391731,0.09999569550055215,5.0,31.0,0.0,-1423.2232506239188,-0.18568731368465674,1.0083979418555733,0.15186276164791376
2217,1425.7545181335277,0.8625504098864036,0.10268267199251127,4.0,27.0,0.0,-1422.6606133602652,-0.22294617251292373,1.018026169179791,0.14115088907293816
2218,1426.8580124814996,0.7513622384015742,0.13406260232242445,3.0,15.0,0.0,-1424.4265399936426,-0.2205565806639581,1.0199836179376516,0.1451514388110018
2219,1426.953589196195,0.9999808701188185,0.11295602182469806,3.0,11.0,0.0,-1426.6007144373082,-0.2016599995448105,1.0124309909945481,0.14704519948725953
2220,1420.661376263785,0.9924129068651208,0.09999569550055215,4.0,15.0,0.0,-1419.5457887009748,-0.1612814740060183,1.0016633287529217,0.15690450623576996
2221,1426.9186624674105,0.9032655554333148,0.10268267199251127,4.0,31.0,0.0,-1424.376808751277,-0.23374188292372122,1.0220343262679938,0.1453194588238092
2222,1427.0349929624722,0.9106562758295963,0.13406260232242445,3.0,15.0,0.0,-1425.2775067191542,-0.2208337450640149,1.018440727077556,0.14338336584481728
2223,1426.739211191165,0.9033335475001346,0.11295602182469806,5.0,35.0,0.0,-1424.890334653406,-0.2174693101675224,1.01650440294155,0.14624075697108693
2224,1417.6611801309803,0.9354430190653614,0.09999569550055215,5.0,31.0,0.0,-1415.4579306494863,-0.19099970505237812,1.0113785630211154,0.1324994122228239
2225,1426.5242866199421,0.9461959423254841,0.10268267199251127,4.0,19.0,0.0,-1426.1030179388542,-0.2352960342791633,1.0241360715723749,0.14427791835949366
2226,1426.6354733848452,0.9061051377203316,0.13406260232242445,2.0,7.0,0.0,-1426.4198976944986,-0.21679428221938443,1.019067257035937,0.14364302890318303
2227,1427.0616775726442,0.9953046936926768,0.11295602182469806,4.0,23.0,0.0,-1426.2187893543346,-0.20714417178646077,1.0144571859555538,0.14755144081598368
2228,1421.144995042301,1.0,0.09999569550055215,4.0,15.0,0.0,-1416.2798937301257,-0.21846297744431237,1.018184043926146,0.13463114295540754
2229,1426.2136503740585,0.8919100509212656,0.10268267199251127,6.0,63.0,0.0,-1425.0319327946318,-0.2296073876498155,1.0223686122906512,0.141881451030123
2230,1426.7702639973775,0.9992513375856299,0.13406260232242445,5.0,31.0,0.0,-1426.5164705138525,-0.21897385729452282,1.0171574563552908,0.14714523733006057
2231,1426.4027831686687,0.9986245251619306,0.11295602182469806,4.0,23.0,0.0,-1425.4765995149514,-0.24444048695286213,1.0252175309452578,0.14352961444392937
2232,1421.4567024386934,0.9585333971323204,0.09999569550055215,5.0,31.0,0.0,-1418.4888809080328,-0.24363037113382555,1.0250364176846074,0.13556776218018068
2233,1426.8073887772598,0.9997801332161442,0.10268267199251127,5.0,31.0,0.0,-1426.022618593361,-0.2235454039199251,1.0187125593788087,0.14736541939198533
2234,1426.8923732010426,0.6044670966618254,0.13406260232242445,2.0,3.0,0.0,-1422.9941579970368,-0.22216264413124098,1.0192398437207861,0.14812800877692237
2235,1426.772245084802,0.9773280674510242,0.11295602182469806,3.0,15.0,0.0,-1425.3856098317226,-0.22963655050474713,1.0224141729471545,0.1446232233903857
2236,1424.7001576166813,0.9320403287547774,0.09999569550055215,5.0,31.0,0.0,-1418.8231144779904,-0.27186107304940016,1.0324486454718715,0.1470004264550144
2237,1427.1693815650829,0.992978063635095,0.10268267199251127,5.0,31.0,0.0,-1426.624480001407,-0.22503946774183992,1.0198019052936091,0.14585774318840045
2238,1426.5267622264678,0.956621037580015,0.13406260232242445,4.0,31.0,0.0,-1425.2653766111448,-0.19538074196755725,1.010462564546191,0.14831009315872828
2239,1426.4305553187505,0.9099506003896483,0.11295602182469806,1.0,1.0,0.0,-1426.3868282010092,-0.22858165522340929,1.0226078917751336,0.1445625548679281
2240,1426.3749102254185,0.9919074064531805,0.09999569550055215,5.0,31.0,0.0,-1419.819865627533,-0.24462883115127293,1.0261900034594449,0.14357045046363018
2241,1426.9109849120532,0.9951405756219907,0.10268267199251127,4.0,31.0,0.0,-1423.9774011110278,-0.21764012699766871,1.0183968426926882,0.14271350968621163
2242,1426.906140423341,0.9567105307761048,0.13406260232242445,5.0,31.0,0.0,-1425.5792846659135,-0.18303362737105236,1.0076378123555982,0.14459610554936425
2243,1422.0417513590758,0.597271613201125,0.11295602182469806,3.0,11.0,0.0,-1421.2972593029597,-0.22988636906144264,1.017365873340583,0.1431749017165923
2244,1427.1589626532207,0.9945020037727256,0.09999569550055215,4.0,31.0,0.0,-1425.8328643749799,-0.22120006853307067,1.0184265995791024,0.14462322518664675
2245,1423.5530389427195,0.5997464820172888,0.10268267199251127,2.0,3.0,0.0,-1422.182140033304,-0.2130384308001388,1.0201066850901697,0.14302532785197725
2246,1426.4796216320462,0.993400199182466,0.13406260232242445,4.0,15.0,0.0,-1426.1912611598077,-0.17176563440645398,1.0042127723572936,0.1452041632854791
2247,1425.4597482866257,1.0,0.11295602182469806,1.0,1.0,0.0,-1422.834031294278,-0.2258572195812073,1.0180158527506356,0.14319526285355175
2248,1426.8925149695815,0.9866040190031754,0.09999569550055215,4.0,31.0,0.0,-1426.0494815013678,-0.20593985896690623,1.0148484129530801,0.14841114506903977
2249,1422.7687409335063,0.991107356952422,0.10268267199251127,3.0,11.0,0.0,-1420.4665825208667,-0.23099542617136085,1.018317526113525,0.1414168399832213
2250,1425.526983293819,0.9994734129847537,0.13406260232242445,3.0,15.0,0.0,-1424.1245991990509,-0.15277982724942518,0.9991080752670124,0.1463267134231913
2251,1426.8151446847028,1.0,0.11295602182469806,1.0,3.0,0.0,-1425.7559566065145,-0.22280999165845414,1.018632644274378,0.14309608079130318
2252,1426.6812491146911,0.8821171984286579,0.09999569550055215,3.0,11.0,0.0,-1425.8620560503114,-0.20940753596530645,1.0151527056922136,0.1490285921420789
2253,1426.3399155457225,0.9377550201548539,0.10268267199251127,2.0,3.0,0.0,-1421.711390939383,-0.22711602634192907,1.0210717973233838,0.14141382864911384
2254,1425.5888769788933,0.998521263802901,0.13406260232242445,2.0,3.0,0.0,-1425.5087935534768,-0.15343544536112247,0.9994392204702008,0.14618541565080823
2255,1427.0435548785565,0.995904830921873,0.11295602182469806,3.0,15.0,0.0,-1425.9690582369462,-0.215779418199619,1.0183313968034435,0.14447397274031418
2256,1426.1155485041681,0.9070188000794466,0.09999569550055215,5.0,63.0,0.0,-1425.074502039774,-0.17008013708822886,1.0054565530918713,0.14577845511618998
2257,1424.662213481473,0.9970035062231186,0.10268267199251127,6.0,63.0,0.0,-1423.6193289195774,-0.14875712116794687,0.9976345981276467,0.14914193198049233
2258,1426.0214054242783,0.9188330950714024,0.13406260232242445,3.0,11.0,0.0,-1424.7175370710152,-0.16344336826116582,1.0016853611267513,0.146188105858798
2259,1426.5395626189788,0.959722751806032,0.11295602182469806,3.0,15.0,0.0,-1426.1249928870097,-0.2239131800580644,1.0182649577025564,0.14418919433126676
2260,1426.3572958644663,0.9390516454752235,0.09999569550055215,5.0,35.0,0.0,-1425.4522435565907,-0.23278620332284294,1.0238207075989578,0.14540936637597723
2261,1424.6806596011618,0.9799580682640077,0.10268267199251127,1.0,3.0,0.0,-1424.4922177902326,-0.147784528878812,0.9981857418627119,0.14905562182219534
2262,1426.3288506823674,0.987096702848858,0.13406260232242445,3.0,11.0,0.0,-1425.8424685888867,-0.1700762755143752,1.0035334022759637,0.14590152784362598
2263,1426.2847723086097,0.9074360632576136,0.11295602182469806,2.0,3.0,0.0,-1425.630966524911,-0.21433817783390277,1.0188237546371917,0.14398492370524052
2264,1426.2953697264134,1.0,0.09999569550055215,3.0,11.0,0.0,-1426.0071521848306,-0.24063902398884066,1.0258084752871528,0.14481424104024077
2265,1423.8370192259133,0.8780261044382668,0.10268267199251127,2.0,3.0,0.0,-1423.4269133155349,-0.14398185230245544,0.9983606901161538,0.14891981721750805
2266,1426.9139156523172,0.980317916351802,0.13406260232242445,5.0,31.0,0.0,-1425.5523389698203,-0.23369363860449438,1.0226853521532862,0.1466596372708193
2267,1426.3579115344655,0.9864744765530268,0.11295602182469806,4.0,19.0,0.0,-1424.5502723218972,-0.21428365700115048,1.0185044530994398,0.14805817311919142
2268,1426.709840750319,0.9783914707929223,0.09999569550055215,2.0,3.0,0.0,-1426.1706556300594,-0.24133532949824302,1.0248886426290527,0.1446315221632475
2269,1422.8266410007386,0.8996843056472952,0.10268267199251127,5.0,31.0,0.0,-1419.8228043233541,-0.12253571959596372,0.990089285197185,0.1438585156488602
2270,1426.9139156523172,0.7314800493873288,0.13406260232242445,2.0,3.0,0.0,-1425.7291866990274,-0.23369363860449438,1.0226853521532862,0.1466596372708193
2271,1426.3265271973996,0.9886818044777561,0.11295602182469806,5.0,31.0,0.0,-1425.1054933661153,-0.18449576859707637,1.0095014205331527,0.1426786441870504
2272,1427.0079809277602,0.9971725223798267,0.09999569550055215,5.0,31.0,0.0,-1426.3189568570504,-0.21664221771425746,1.0177758259963074,0.14283194206127417
2273,1422.2840391880015,0.8397967435647666,0.10268267199251127,2.0,5.0,0.0,-1421.255658033331,-0.1169464857033358,0.9888812719130724,0.14365119059622045
2274,1424.3469976686151,0.7185497822210867,0.13406260232242445,3.0,11.0,0.0,-1423.9077075176738,-0.23844168512629613,1.026840818514671,0.14439119513779236
2275,1426.1942244289608,0.9984520229925539,0.11295602182469806,4.0,15.0,0.0,-1425.973851208951,-0.17921307879169246,1.005654064879475,0.14334918937988284
2276,1426.8210133141588,0.9794562090630927,0.09999569550055215,4.0,15.0,0.0,-1426.5844436585962,-0.22321540898716355,1.0201196633444207,0.1428096601553651
2277,1424.632183900059,0.9612256877740176,0.10268267199251127,4.0,15.0,0.0,-1421.6741124900834,-0.14019565924473662,0.9956881372334287,0.14667671520252543
2278,1423.8370535184406,0.9522314985158967,0.13406260232242445,2.0,3.0,0.0,-1423.6423730017138,-0.24912661587408405,1.0239440463229794,0.14507885466990017
2279,1425.6579222982689,0.9835241904359014,0.11295602182469806,5.0,31.0,0.0,-1425.4114029123323,-0.16744648653945454,1.001994829049452,0.1444903371040349
2280,1427.3296696606446,0.9997198874161279,0.09999569550055215,4.0,31.0,0.0,-1423.9208852758509,-0.20718073346254584,1.0146711074603016,0.1451848713437982
2281,1427.0594505297681,0.9220056570471112,0.10268267199251127,5.0,39.0,0.0,-1423.2724005748635,-0.1993855663930393,1.0135689913255446,0.14616247286534492
2282,1426.4789878293664,0.9107005389926455,0.13406260232242445,1.0,3.0,0.0,-1423.589461734286,-0.24327038500674708,1.0260761761547061,0.14481715250728075
2283,1425.9571326715925,0.9994555473245023,0.11295602182469806,4.0,15.0,0.0,-1425.3102378743306,-0.1610266294430245,1.0012711868440045,0.14650887922843583
2284,1425.5886391189858,0.9984925132512686,0.09999569550055215,4.0,31.0,0.0,-1424.49810388859,-0.16167649880014223,1.0018227502484471,0.14231654080920755
2285,1425.8035324890875,0.8538395359646342,0.10268267199251127,4.0,19.0,0.0,-1423.7902961731413,-0.20536417070133112,1.016040623728708,0.14964690667090316
2286,1425.940171872925,0.8643114117647235,0.13406260232242445,5.0,63.0,0.0,-1425.0364180108415,-0.16681011056421577,1.0040159690733812,0.14798302730599733
2287,1422.919370048928,0.6313273270544988,0.11295602182469806,5.0,31.0,0.0,-1421.4276829241335,-0.16014013323510845,1.0042814113776966,0.1501587582124878
2288,1425.8690412158571,0.9499352663360433,0.09999569550055215,5.0,31.0,0.0,-1424.2337696928316,-0.1935069394869501,1.012030200681712,0.1407753580487503
2289,1427.313552548862,1.0,0.10268267199251127,4.0,19.0,0.0,-1425.0523624213838,-0.20169117403295853,1.0131781394841668,0.14524561656872184
2290,1427.0659057735838,0.998975654415804,0.13406260232242445,5.0,31.0,0.0,-1425.687941657879,-0.2147897986617783,1.0171969472653721,0.14299946931595567
2291,1424.1677783293699,0.995715089675844,0.11295602182469806,5.0,31.0,0.0,-1422.8479871366205,-0.22519257822343358,1.022842768342449,0.14132522763768737
2292,1426.9343348253083,0.8227678562205633,0.09999569550055215,4.0,27.0,0.0,-1423.4274763233684,-0.1902643916393209,1.009477958000618,0.1437903407661801
2293,1427.1642306900274,0.9982042866232635,0.10268267199251127,4.0,23.0,0.0,-1426.8892627621112,-0.197671509939283,1.0119556414954836,0.14679949964966535
2294,1426.1932742469357,0.7869820817243696,0.13406260232242445,2.0,3.0,0.0,-1425.585896692988,-0.21637445045937348,1.015925166675588,0.14270924754276737
2295,1423.0431973957477,1.0,0.11295602182469806,5.0,31.0,0.0,-1422.4430425481432,-0.19552909992852902,1.0090812459030722,0.15309961750188755
2296,1427.168112662562,0.999255992334263,0.09999569550055215,4.0,23.0,0.0,-1426.1377021295084,-0.20003012086778393,1.0122744990921269,0.14621913395909172
2297,1427.3331623520396,0.99986872377057,0.10268267199251127,4.0,15.0,0.0,-1427.1573473933834,-0.2052908498372401,1.0142448408385956,0.14566686837355144
2298,1426.246950916041,0.9727849570692789,0.13406260232242445,2.0,7.0,0.0,-1425.7796769858971,-0.21669841619996272,1.0160118312267534,0.14295231216060295
2299,1422.943429952535,0.945237984506615,0.11295602182469806,2.0,3.0,0.0,-1422.1114223712539,-0.18449760338196144,1.0108891696466715,0.15302160245408616
2300,1426.0609747135616,0.7457140583534501,0.09999569550055215,2.0,3.0,0.0,-1424.997723278792,-0.20434314631396422,1.01201270657681,0.14634029549082547
2301,1427.310539066611,0.9977617905530781,0.10268267199251127,3.0,11.0,0.0,-1427.2967225742354,-0.20550758602160674,1.0141409396841048,0.14572298415313076
2302,1424.8181767869175,0.9405396495036346,0.13406260232242445,5.0,31.0,0.0,-1424.1460086463908,-0.17103881439891094,1.006752948268418,0.14854446417169437
2303,1424.724845083659,0.9887840348495166,0.11295602182469806,5.0,31.0,0.0,-1422.7391879591464,-0.2292769282606461,1.0229496562402947,0.1398406186360751
2304,1422.6820745410018,0.7750790279326596,0.09999569550055215,4.0,19.0,0.0,-1420.0030040616673,-0.19285133554145015,1.0139953879631876,0.1399221188229682
2305,1425.3442050217584,0.9986821103131219,0.10268267199251127,4.0,23.0,0.0,-1423.9949666507698,-0.15112757616137515,0.9985612903206227,0.14700489945279507
2306,1425.1975512680933,0.9778214877443135,0.13406260232242445,4.0,31.0,0.0,-1421.8667422902565,-0.21217661087280554,1.0153293647775228,0.15184516223059066
2307,1423.244006386584,0.7850647152716307,0.11295602182469806,4.0,15.0,0.0,-1420.6752187924815,-0.21745445677272668,1.0168915403844792,0.13685741742888302
2308,1425.9378695901562,0.6424852702916217,0.09999569550055215,2.0,3.0,0.0,-1420.1876539784057,-0.20247256207394249,1.014127711496593,0.14023303400956796
2309,1425.5987410374053,0.9986743502994236,0.10268267199251127,3.0,11.0,0.0,-1425.058697290855,-0.1548973468613996,0.9996035666700974,0.14678568964120273
2310,1424.1681375303763,0.9978807966682287,0.13406260232242445,3.0,11.0,0.0,-1423.8720938306099,-0.20744785005534547,1.0157071054069386,0.15375537843900017
2311,1423.4715851306732,0.9347535566855407,0.11295602182469806,5.0,31.0,0.0,-1422.6985605708576,-0.21615060257990168,1.017935383548631,0.13681506358467083
2312,1425.5747967688949,0.9976914902282162,0.09999569550055215,4.0,15.0,0.0,-1425.167933569804,-0.21398164853213256,1.0168586152353254,0.13943140718772026
2313,1425.0842654072476,0.9517825822055083,0.10268267199251127,5.0,63.0,0.0,-1422.4719933304912,-0.21277356964875815,1.016642984978469,0.13868473025987138
2314,1426.9197050320522,0.9987212203497945,0.13406260232242445,4.0,31.0,0.0,-1422.782062947608,-0.23046465646372316,1.020953349339127,0.14630275262652617
2315,1426.2421700696432,0.9720335956928693,0.11295602182469806,4.0,31.0,0.0,-1421.0209444927361,-0.24153253535811478,1.025458210204086,0.1482796784103148
2316,1426.4994172877266,0.9652150197317941,0.09999569550055215,5.0,31.0,0.0,-1424.0279376079977,-0.18131400273695414,1.0066390432367658,0.14753836631766915
2317,1424.8819146929502,0.9941430807627031,0.10268267199251127,5.0,63.0,0.0,-1422.4914702036704,-0.2689417086238713,1.0331186443856675,0.14838016938324178
2318,1426.9197050320522,0.39648585293056904,0.13406260232242445,2.0,3.0,0.0,-1423.8068461067758,-0.23046465646372316,1.020953349339127,0.14630275262652617
2319,1426.0468682655817,0.9161443097131822,0.11295602182469806,1.0,3.0,0.0,-1425.6894539980387,-0.2435606736498178,1.0244066120653232,0.14823545269322475
2320,1425.0379417170925,0.997328560276239,0.09999569550055215,4.0,31.0,0.0,-1424.1874150584417,-0.1466791590379956,0.998216291429245,0.14600257594095195
2321,1423.7016892281215,0.719926694260729,0.10268267199251127,2.0,3.0,0.0,-1422.9363232905375,-0.2726013906643446,1.031753333422421,0.1482275088049922
2322,1425.5745977838035,0.9509595242875628,0.13406260232242445,5.0,31.0,0.0,-1424.8515594680111,-0.17548199436725462,1.0070639897144387,0.14163777606747496
2323,1425.381515781023,0.9997291441071545,0.11295602182469806,3.0,11.0,0.0,-1424.5621318776916,-0.24657535903621405,1.0268450921252876,0.15030397113182356
2324,1423.6912639069208,0.7299550994714085,0.09999569550055215,2.0,7.0,0.0,-1422.2080964237016,-0.14903817158825158,0.9958404474624282,0.14584593499907778
2325,1421.8709602111444,0.8952123418461372,0.10268267199251127,3.0,7.0,0.0,-1421.550953626699,-0.2730394698951966,1.037106396569244,0.14781038076482103
2326,1425.8878464648944,0.7400305261172552,0.13406260232242445,2.0,3.0,0.0,-1424.0757248794046,-0.17885509077066186,1.0075037232199793,0.14135132550793728
2327,1426.8359559882213,0.9960264467163821,0.11295602182469806,5.0,31.0,0.0,-1424.6428295843248,-0.2067912988126682,1.0145811657131054,0.14862891672537817
2328,1424.4468355045517,1.0,0.09999569550055215,2.0,3.0,0.0,-1423.8521665787896,-0.14256689223984845,0.9976117840015021,0.14575819172598642
2329,1423.4021819820186,1.0,0.10268267199251127,2.0,7.0,0.0,-1421.1017858547189,-0.277582349281806,1.0330749954518377,0.14712559067579584
2330,1426.4332162475039,0.9787567225523922,0.13406260232242445,3.0,11.0,0.0,-1425.5746988900978,-0.1820508523305469,1.0085048359164823,0.14275856970305276
2331,1427.3365938400057,0.9989595036176496,0.11295602182469806,4.0,23.0,0.0,-1425.8268167841563,-0.20424301647015705,1.0140566720259914,0.14558339130995543
2332,1426.910249746323,0.9904156537271241,0.09999569550055215,4.0,31.0,0.0,-1422.338870621003,-0.19355466758687045,1.010179418941406,0.143872296279394
2333,1423.9598749329339,0.9909939365961552,0.10268267199251127,2.0,3.0,0.0,-1423.2495431526268,-0.27187061764373766,1.0353887976137268,0.14740713502129824
2334,1423.0759079062377,0.8837589470498038,0.13406260232242445,5.0,31.0,0.0,-1421.7620791724787,-0.14533734224748743,0.9985070822107742,0.140250959174228
2335,1427.1320669480804,0.9980731164912064,0.11295602182469806,3.0,15.0,0.0,-1426.4693469652943,-0.20554852807784635,1.014389737293848,0.14746805133410346
2336,1426.5982378047242,0.9980878976979353,0.09999569550055215,4.0,31.0,0.0,-1426.0919670383284,-0.19201162387526197,1.0101235824274537,0.14205843938403534
2337,1425.6753588476786,0.9824362009764818,0.10268267199251127,4.0,23.0,0.0,-1422.1147554335726,-0.24896547941586797,1.0285415216535467,0.14621600391254136
2338,1426.203085132883,0.9738665592034247,0.13406260232242445,6.0,63.0,0.0,-1422.132330393119,-0.23956055795946996,1.0248689241884532,0.14225599413346193
2339,1426.3393902954833,0.8116522485087513,0.11295602182469806,2.0,3.0,0.0,-1425.9530373000432,-0.20905642416610629,1.0138506847203075,0.1478692584303851
2340,1426.6221213677377,0.7672987576052518,0.09999569550055215,5.0,31.0,0.0,-1424.7920733538008,-0.1861841695736696,1.0097695246808507,0.14764428248729866
2341,1426.322047508937,0.9958544299320755,0.10268267199251127,5.0,39.0,0.0,-1425.3341251767013,-0.1942648431067391,1.009610625536618,0.14354980015709254
2342,1427.1856247454618,0.9909768432131487,0.13406260232242445,5.0,31.0,0.0,-1425.573942178259,-0.1974150622003889,1.0126612846357232,0.14590651512993008
2343,1426.133883940942,0.9638394078127417,0.11295602182469806,4.0,19.0,0.0,-1425.4109944722375,-0.20844387773809747,1.0173008201505773,0.14409445020324788
2344,1426.6140389622735,0.8090038301495057,0.09999569550055215,3.0,15.0,0.0,-1424.3410631060165,-0.1971943434146974,1.0135954972334376,0.14498359524430945
2345,1427.3357314745206,0.9994826548596586,0.10268267199251127,4.0,23.0,0.0,-1426.2585177759245,-0.2116307289206087,1.0161049127546706,0.14491535484777676
2346,1426.4899819378693,0.7224132942021025,0.13406260232242445,4.0,19.0,0.0,-1424.8553871287709,-0.2054911581499036,1.0129151911973278,0.14341836331208604
2347,1426.6682988171206,1.0,0.11295602182469806,1.0,1.0,0.0,-1426.146904645377,-0.21005823853255978,1.0172285313127263,0.14413311993725048
2348,1426.3414690030452,0.9986898013882936,0.09999569550055215,4.0,23.0,0.0,-1425.409742067032,-0.16782748618170723,1.003881806358753,0.14638473240605546
2349,1427.1662482119716,0.965985048499512,0.10268267199251127,2.0,3.0,0.0,-1427.1372140286223,-0.2106231477401211,1.0167188938705538,0.14500109781549614
2350,1426.9325234879407,0.9996424769522645,0.13406260232242445,5.0,31.0,0.0,-1426.1766924822716,-0.18787445478596446,1.008640148746616,0.1449325213544546
2351,1425.1226489647559,0.8856289218328975,0.11295602182469806,2.0,3.0,0.0,-1425.0901691640474,-0.21666693881989538,1.0149476388471217,0.14394202160968836
2352,1425.9575128978784,0.9770686480817506,0.09999569550055215,5.0,31.0,0.0,-1425.4642049354875,-0.1762212322984848,1.00515955001399,0.14897615981902895
2353,1426.1243803809555,0.9841278622448352,0.10268267199251127,4.0,31.0,0.0,-1425.7487973618777,-0.24717860894341961,1.0272135897230301,0.14341926418408657
2354,1426.8187296166172,0.9949064436453833,0.13406260232242445,3.0,15.0,0.0,-1425.5971772992796,-0.18097433862747486,1.0074943888913555,0.14401048302084204
2355,1426.116242397354,0.9761142099646333,0.11295602182469806,3.0,11.0,0.0,-1424.8130560424693,-0.20828776098159943,1.017056988691022,0.1428800578295724
2356,1426.2116621438156,0.9993517396443059,0.09999569550055215,4.0,31.0,0.0,-1423.4919109089908,-0.23500290790773468,1.023246982402424,0.14157808944704878
2357,1426.2591136645347,1.0,0.10268267199251127,4.0,15.0,0.0,-1426.031537040954,-0.2458370481875895,1.025472649075163,0.143308345579259
2358,1425.0372717075386,0.6209014675208999,0.13406260232242445,4.0,23.0,0.0,-1422.6564678025886,-0.21980165778610194,1.0213746693444663,0.1463134140450623
2359,1423.8698592147382,0.9342402356965452,0.11295602182469806,4.0,27.0,0.0,-1422.6954153733755,-0.1913449459433202,1.0128180614811602,0.15173312609080947
2360,1426.1214927372318,0.9241977476404972,0.09999569550055215,5.0,31.0,0.0,-1425.1933896303517,-0.23133551293110752,1.0232953813063757,0.14827587458947158
2361,1425.727579064264,0.988915620557415,0.10268267199251127,5.0,31.0,0.0,-1424.7841009211124,-0.26107908999483465,1.0300682863630877,0.14638773599895816
2362,1427.1775082242448,0.9999380692301233,0.13406260232242445,3.0,15.0,0.0,-1424.7046592523461,-0.21885629451390087,1.0186918593631893,0.14413572392405768
2363,1427.233989112115,0.8233769301486992,0.11295602182469806,4.0,23.0,0.0,-1422.0477243297794,-0.21564203047021088,1.016795178246287,0.1453275685630258
2364,1421.5005695215355,0.9093592026887378,0.09999569550055215,5.0,31.0,0.0,-1421.2475851749637,-0.2831638598488508,1.0392498485740531,0.14168257263229037
2365,1426.0313091887,0.9964082712661015,0.10268267199251127,4.0,15.0,0.0,-1425.6335039582327,-0.2556399073463932,1.0289764952223006,0.14665074778119572
2366,1426.6512268626627,0.9994206097695246,0.13406260232242445,4.0,23.0,0.0,-1425.807559855844,-0.19834057469090982,1.0121883354219554,0.14905001661857298
2367,1427.151288997315,0.9988140564846743,0.11295602182469806,4.0,27.0,0.0,-1424.5936425544303,-0.1920363786411477,1.0109653467456778,0.14554253074389442
2368,1420.3694891299338,0.9902082707823961,0.09999569550055215,4.0,15.0,0.0,-1419.748112834696,-0.2815885029760579,1.0388718456388,0.13959893280656815
2369,1426.5652703538549,0.5979735612067394,0.10268267199251127,3.0,15.0,0.0,-1420.8932261163732,-0.24383281524275024,1.0250401478079796,0.1463199961760779
2370,1426.7564603983562,0.9881662907232182,0.13406260232242445,2.0,7.0,0.0,-1426.5204401128458,-0.1999579021712288,1.0125183062857641,0.14870689294977887
2371,1425.4232148886847,0.9892560804364632,0.11295602182469806,5.0,63.0,0.0,-1424.1052521058182,-0.24742838308513282,1.0271933518612253,0.15002969150158696
2372,1418.617131363534,0.7749745120312713,0.09999569550055215,2.0,3.0,0.0,-1418.4940684965193,-0.2930897820456364,1.0365683523650677,0.13972320023954796
2373,1425.6103649261802,0.8953240036217627,0.10268267199251127,2.0,7.0,0.0,-1425.5267600327606,-0.24199652811001013,1.0268909185512367,0.1463250137593452
2374,1426.6867549756603,0.9920328842348589,0.13406260232242445,5.0,31.0,0.0,-1425.2620399148232,-0.17970398482213712,1.006968590150833,0.14737605620867184
2375,1424.9459991396416,0.8205044751514897,0.11295602182469806,5.0,31.0,0.0,-1423.1208869254601,-0.19785177734961085,1.0101643038757606,0.14079959084167212
2376,1425.9486976149997,0.9999530001414604,0.09999569550055215,3.0,15.0,0.0,-1417.3937171916332,-0.25680051174939644,1.029683578035609,0.14501282741828836
2377,1426.4425272296269,1.0,0.10268267199251127,2.0,3.0,0.0,-1425.598172053535,-0.2436978670590723,1.0261656929944996,0.14651152584533608
2378,1427.3199846321786,0.9955799315420691,0.13406260232242445,5.0,31.0,0.0,-1426.253782880632,-0.21115806228207518,1.0157888410735516,0.14499944132985346
2379,1424.3378233503734,1.0,0.11295602182469806,2.0,7.0,0.0,-1423.6407137830383,-0.18777927237265268,1.0111778079912896,0.13945536515018517
2380,1425.817603161154,0.9023933907253059,0.09999569550055215,5.0,31.0,0.0,-1424.6528062695284,-0.24471298769058472,1.0271771643143344,0.14355077640132088
2381,1426.0692940953684,0.9607064800795275,0.10268267199251127,5.0,47.0,0.0,-1425.4017569378725,-0.16911476418823057,1.004944215576002,0.14375540099293196
2382,1426.0420904076948,0.9257193635359973,0.13406260232242445,5.0,31.0,0.0,-1424.705807669111,-0.1734186577557487,1.0038300890800433,0.14634176583288633
2383,1423.2784635778376,0.9875252274631069,0.11295602182469806,5.0,31.0,0.0,-1422.796415722006,-0.17526314727482384,1.007762740771792,0.1529037724188577
2384,1426.3926904728455,1.0,0.09999569550055215,2.0,3.0,0.0,-1425.7806761684276,-0.24564523923052609,1.0261277752355213,0.1435324213355876
2385,1426.1245138099548,0.9703677609839858,0.10268267199251127,5.0,31.0,0.0,-1425.0893838340603,-0.18641258234268807,1.0078252904224354,0.14896258911599217
2386,1426.708812822911,0.9620431908946759,0.13406260232242445,4.0,19.0,0.0,-1424.8491725556619,-0.1973946288871471,1.0133078085790472,0.14346649966971314
2387,1424.3107236596516,0.9227598347319929,0.11295602182469806,2.0,3.0,0.0,-1422.493414172643,-0.17545248265507055,1.0066172041469423,0.15260296393779202
2388,1425.8532512078937,0.9936462187983328,0.09999569550055215,4.0,15.0,0.0,-1425.5239542068248,-0.24659162539231322,1.0266169846633992,0.1418379183921976
2389,1426.760277742426,0.9757099002448875,0.10268267199251127,5.0,31.0,0.0,-1425.616834962251,-0.21419547054497562,1.0183775771790742,0.14525265238592922
2390,1425.7248242169874,0.9641370650939228,0.13406260232242445,5.0,31.0,0.0,-1424.8369729528686,-0.23688816159792303,1.0224240202530346,0.14123270583037267
2391,1421.7891374287822,0.7713924956959883,0.11295602182469806,5.0,31.0,0.0,-1417.548294768617,-0.12954767545733384,0.9945858767167054,0.14156884587364119
2392,1425.6833798748523,0.7973673118740915,0.09999569550055215,3.0,15.0,0.0,-1423.294990277758,-0.22573872360394465,1.0179890224915686,0.14444971109493884
2393,1427.1051013429276,0.948704304297404,0.10268267199251127,2.0,3.0,0.0,-1426.1290425165835,-0.21605783798793574,1.0183417724176058,0.1449280857697016
2394,1425.6534770227338,0.9998799037567179,0.13406260232242445,4.0,15.0,0.0,-1425.364990478369,-0.2373320485898983,1.0246381469616836,0.14112971554632245
2395,1422.515642565922,1.0,0.11295602182469806,2.0,3.0,0.0,-1421.702891074725,-0.13901962373363366,0.9934395938761968,0.14135040456020218
2396,1427.3274971418807,0.998262530596534,0.09999569550055215,3.0,15.0,0.0,-1425.5614269248886,-0.21291327818167782,1.016800699309691,0.14521064933531008
2397,1427.2794367848285,0.9830665767933751,0.10268267199251127,4.0,27.0,0.0,-1426.4047662639298,-0.20346348849289936,1.0138304070892818,0.14641971101878326
2398,1425.9848591006016,0.9458673058822037,0.13406260232242445,3.0,11.0,0.0,-1424.5467018361724,-0.23849540176469392,1.0225721009881614,0.14277852739099386
2399,1424.5272535677798,0.9947321567528883,0.11295602182469806,5.0,31.0,0.0,-1421.1198143302875,-0.17346446333166748,1.006794594551195,0.14013665172606343
2400,1427.303386179635,0.8311405322888671,0.09999569550055215,2.0,3.0,0.0,-1426.1173726902744,-0.21664376211187744,1.017852993309979,0.14517254417908043
2401,1427.1535947795128,0.9649312278049521,0.10268267199251127,4.0,31.0,0.0,-1426.5292194687481,-0.19870091237290038,1.0123469930053666,0.14703014095526337
2402,1425.0502337356013,0.932929433148963,0.13406260232242445,5.0,43.0,0.0,-1423.316584837913,-0.2091113495394359,1.0157838826491379,0.15255135580672935
2403,1426.6965150062024,0.9984744536511535,0.11295602182469806,4.0,31.0,0.0,-1423.442728893919,-0.21510365671413909,1.0186712495547192,0.14624036090174722
2404,1426.3749229087462,0.9405581097130599,0.09999569550055215,4.0,21.0,0.0,-1424.0046225716742,-0.22438465331937169,1.0210511671137323,0.14238010254727318
2405,1425.8035561701884,0.9709077867033425,0.10268267199251127,5.0,31.0,0.0,-1425.3791223668288,-0.16225385638800877,1.001010858951468,0.14499143972702588
2406,1425.776364523424,0.9909974255876676,0.13406260232242445,2.0,7.0,0.0,-1423.9768365633847,-0.21127212143301197,1.0155294635798702,0.1511108933576174
2407,1426.4000770640575,0.9994892859158051,0.11295602182469806,5.0,31.0,0.0,-1426.051972107967,-0.195123501647726,1.0102189024534076,0.14836867159024178
2408,1427.1248239015636,0.9684661299289749,0.09999569550055215,4.0,23.0,0.0,-1425.4454451593524,-0.1974186869606474,1.0121947414063281,0.14714929068253185
2409,1425.316989156145,0.9988420916629479,0.10268267199251127,3.0,15.0,0.0,-1425.3017011036886,-0.15480254107706973,0.9988169055491584,0.14467669768797198
2410,1425.1920259118601,0.9361628778614008,0.13406260232242445,2.0,7.0,0.0,-1424.423740671722,-0.21033498938835177,1.0151320216920174,0.15212835725483143
2411,1427.1161933747708,0.9997185667541592,0.11295602182469806,4.0,31.0,0.0,-1426.3927579075953,-0.207464770768291,1.0141318160787862,0.1459112323462008
2412,1426.9821237437416,0.981356902763159,0.09999569550055215,5.0,31.0,0.0,-1426.7075503525252,-0.18471695155506887,1.008758452847221,0.14602679881199587
2413,1426.7951026472565,0.9944863486896829,0.10268267199251127,4.0,31.0,0.0,-1423.722595428522,-0.21999627804869357,1.0175728991602626,0.1434420486204639
2414,1427.0468920839273,0.9989398979937077,0.13406260232242445,5.0,31.0,0.0,-1424.8210998325608,-0.2207771925800802,1.0195978774748333,0.14648706762110125
2415,1427.0476041495585,0.986002450080777,0.11295602182469806,3.0,11.0,0.0,-1426.92575292226,-0.2067541324834202,1.0158452197551462,0.14562012109250302
2416,1427.2503879289118,0.9998639909857949,0.09999569550055215,5.0,31.0,0.0,-1426.2134417599207,-0.21984024002590183,1.0184052078575787,0.1446307026095337
2417,1426.3569811361697,0.9666165775827201,0.10268267199251127,2.0,3.0,0.0,-1426.263101245624,-0.22171720456213787,1.0175090709866406,0.14349294842531485
2418,1427.2189344306614,0.8097873404389543,0.13406260232242445,4.0,27.0,0.0,-1423.9271015869153,-0.2064906828288597,1.0147752492625177,0.14699414278970002
2419,1426.772101514005,0.9683073826413854,0.11295602182469806,3.0,11.0,0.0,-1426.602034775513,-0.20697755682026844,1.0134652179864083,0.14602757752175197
2420,1426.5480723104322,0.920781384332449,0.09999569550055215,4.0,31.0,0.0,-1425.8754639193824,-0.21852816551380996,1.0168666224491503,0.14310263531112039
2421,1426.7104325667347,0.9968244963695889,0.10268267199251127,3.0,9.0,0.0,-1425.8553421257434,-0.2218218010570571,1.019751465725774,0.14236429781391516
2422,1423.4188866726176,0.9951922557361098,0.13406260232242445,5.0,31.0,0.0,-1423.0860170995006,-0.2916104113120435,1.0394199549970482,0.1463122264371484
2423,1425.8957368426672,0.9996587957472819,0.11295602182469806,5.0,31.0,0.0,-1425.5041482091929,-0.17952448559549716,1.00571283859055,0.14878763022928448
2424,1426.853997834446,0.9992925440176373,0.09999569550055215,5.0,63.0,0.0,-1426.225710136444,-0.2055449120444264,1.0133795759091737,0.14355055384797688
2425,1426.7721521757553,0.9915608158044839,0.10268267199251127,2.0,3.0,0.0,-1426.6140938132266,-0.22165207024392922,1.0194024937291983,0.14228888035599105
2426,1423.070096841465,0.825929858332012,0.13406260232242445,2.0,5.0,0.0,-1422.3324585234336,-0.29113609373479926,1.037792159095901,0.14604584775716728
2427,1424.921448511783,0.7257035022498245,0.11295602182469806,3.0,7.0,0.0,-1423.014758552139,-0.1759183018428483,1.0038007572729064,0.14892633218102358
2428,1426.330093449795,0.9890313381698546,0.09999569550055215,6.0,63.0,0.0,-1425.6726305106033,-0.2314431860756691,1.0232587800549344,0.147560040157862
2429,1426.7271327905044,0.8630013092811624,0.10268267199251127,3.0,15.0,0.0,-1425.4086473868338,-0.2202902605941652,1.0173238403738685,0.14476665315957843
2430,1425.536036832554,0.9948029580025176,0.13406260232242445,5.0,31.0,0.0,-1420.1692279607807,-0.17592028475747828,1.006428031727164,0.15047907052942697
2431,1425.3148268324544,1.0,0.11295602182469806,1.0,1.0,0.0,-1424.8744652518483,-0.17460578559968087,1.0038597416549726,0.14896792825582633
2432,1426.840194000377,0.9926934862037385,0.09999569550055215,5.0,31.0,0.0,-1425.2124850011874,-0.2264318429056055,1.0200807168715074,0.142901553244614
2433,1425.9029490821538,0.9937037552754806,0.10268267199251127,4.0,19.0,0.0,-1423.81892230021,-0.21895452006765306,1.017680405959526,0.15070369996857833
2434,1424.5589607933562,0.8087300153905005,0.13406260232242445,2.0,5.0,0.0,-1424.0662083622121,-0.1825162470279772,1.005567872313224,0.15014830239473137
2435,1425.9008336141649,0.9109490487376778,0.11295602182469806,2.0,3.0,0.0,-1424.9444847203408,-0.17129107316622486,1.005103010487004,0.14905740200187328
2436,1427.0339198505703,0.976006343826836,0.09999569550055215,5.0,35.0,0.0,-1426.464392773516,-0.19648869151542445,1.012767898246014,0.1456938234382708
2437,1425.8406487006662,0.9364232698773002,0.10268267199251127,5.0,31.0,0.0,-1424.8369064841836,-0.2069060084527702,1.0135569847452095,0.15020093502029774
2438,1425.5339319920975,0.9999122475600158,0.13406260232242445,4.0,15.0,0.0,-1424.20223384356,-0.18996815216048102,1.0100622601427511,0.15139951466650678
2439,1427.0058469527432,0.999645944702839,0.11295602182469806,4.0,19.0,0.0,-1425.763046108341,-0.18901502059232989,1.009165784763599,0.14624566726696767
2440,1427.1796957728445,0.8882237813670383,0.09999569550055215,4.0,19.0,0.0,-1426.0869218729506,-0.20790418544132105,1.0156178841004104,0.1468596803261559
2441,1426.8269162529984,0.9896187336916844,0.10268267199251127,4.0,31.0,0.0,-1425.088133215049,-0.18519696142308137,1.0092131525136594,0.14694031009166159
2442,1423.937912110123,0.9901188093528308,0.13406260232242445,4.0,15.0,0.0,-1423.8357640182028,-0.195242238617218,1.0110560645558684,0.15405070800627843
2443,1426.4661432446542,0.999736214864742,0.11295602182469806,4.0,15.0,0.0,-1426.3566990986221,-0.17970539355756876,1.0065078815438324,0.14283920715234752
2444,1426.1831299280936,0.9981765417108215,0.09999569550055215,4.0,31.0,0.0,-1425.6126685881968,-0.21577562729407185,1.0175236095013382,0.14056167669514516
2445,1426.6654714046085,0.9546132684173385,0.10268267199251127,5.0,31.0,0.0,-1425.3144376110174,-0.20238524917914558,1.01212839788801,0.14678637933664454
2446,1423.478493693899,0.9655248062670334,0.13406260232242445,4.0,15.0,0.0,-1423.4604996402052,-0.19262073968070037,1.011860259736628,0.15428595858085958
2447,1426.497661125278,0.9009705768582602,0.11295602182469806,5.0,37.0,0.0,-1424.7516981014214,-0.24108762062182998,1.023708814709464,0.14565384202005885
2448,1426.6412697075161,0.8899023290922842,0.09999569550055215,5.0,31.0,0.0,-1424.998543768577,-0.18449442448613762,1.0073379055093075,0.1463648988113247
2449,1424.846311184241,0.9523939584447995,0.10268267199251127,4.0,19.0,0.0,-1424.515843408271,-0.1798455604893909,1.0050181093265196,0.1414921038774155
2450,1426.4857628397497,0.9425239625773685,0.13406260232242445,4.0,15.0,0.0,-1421.7019838810913,-0.2229495236099158,1.0190943721715362,0.14931784255489539
2451,1425.8602242929103,0.973062880222411,0.11295602182469806,3.0,11.0,0.0,-1425.1622388653295,-0.2571387514478001,1.028658355743211,0.1465914679531977
2452,1426.3702031951273,0.985672763446769,0.09999569550055215,5.0,63.0,0.0,-1425.6881784151017,-0.23897937658178348,1.0229179738720977,0.146886101043451
2453,1425.527667483818,0.9995958477234025,0.10268267199251127,2.0,7.0,0.0,-1424.545435341148,-0.18044781654788047,1.0057282510093,0.14170967590969027
2454,1426.7670909617796,0.9205534454666033,0.13406260232242445,4.0,31.0,0.0,-1425.376307156639,-0.21499450599609943,1.0182376248673448,0.14311727333503177
2455,1426.0505682628093,0.7475319835998512,0.11295602182469806,2.0,3.0,0.0,-1423.7696429688751,-0.2520435017146452,1.0283831761880475,0.14722274916866984
2456,1425.3844436258028,0.9760413216381254,0.09999569550055215,4.0,31.0,0.0,-1423.8680693583235,-0.25914516915212665,1.0288411668936306,0.1433565924225118
2457,1426.0305892805184,0.934448834222355,0.10268267199251127,2.0,3.0,0.0,-1424.7906051497455,-0.18216416232447644,1.0068312928768446,0.14171420235525614
2458,1426.8561757766342,0.9863046457619938,0.13406260232242445,5.0,31.0,0.0,-1426.5183879342715,-0.2234991879770764,1.0206214703846963,0.14675985825532054
2459,1427.232709613096,0.9440698830306837,0.11295602182469806,4.0,31.0,0.0,-1424.7436650738725,-0.20563094469423943,1.0140109184191486,0.1463542922219642
2460,1425.2364429247068,1.0,0.09999569550055215,5.0,35.0,0.0,-1423.4730405337305,-0.1725101381567755,1.00394798910924,0.15035206519463498
2461,1426.615729715403,1.0,0.10268267199251127,5.0,31.0,0.0,-1425.8147531150894,-0.20256762961784805,1.0132736700623135,0.14921278618402184
2462,1426.5767134494704,0.9728924129702495,0.13406260232242445,5.0,31.0,0.0,-1426.416341157326,-0.2261901075211324,1.0191243696344467,0.14363548846541163
2463,1426.2763999835115,0.9261643480112796,0.11295602182469806,5.0,35.0,0.0,-1426.1152938400012,-0.23841970960022602,1.022486234457389,0.14603443602414437
2464,1425.081451026111,0.7133894801240013,0.09999569550055215,2.0,3.0,0.0,-1422.4652246512217,-0.16436814020105278,1.0035783354220438,0.15002087945814788
2465,1426.7082404519058,0.9719512628253701,0.10268267199251127,4.0,31.0,0.0,-1424.056959391602,-0.19634361666752234,1.012819801384637,0.14784011145562484
2466,1425.997508056948,1.0,0.13406260232242445,4.0,31.0,0.0,-1425.64853166762,-0.24385579862179052,1.0268927080443917,0.14427263382075164
2467,1425.170565342871,0.7570331352620124,0.11295602182469806,3.0,15.0,0.0,-1423.2689151291593,-0.21038994728559285,1.0186448322873884,0.14582000970461764
2468,1426.8358584808875,0.99836226704154,0.09999569550055215,5.0,31.0,0.0,-1424.213617241164,-0.23242363586072903,1.0216204529855675,0.14691343283218186
2469,1427.0974232591852,0.9995954940264695,0.10268267199251127,5.0,31.0,0.0,-1426.5028301969603,-0.22336281083015422,1.020204772829599,0.14467701985140685
2470,1424.1975302379806,0.9925589487865104,0.13406260232242445,5.0,31.0,0.0,-1423.556709943535,-0.2826564589800975,1.0364225649767402,0.14667025975769754
2471,1422.422127813875,0.8245915747089109,0.11295602182469806,2.0,3.0,0.0,-1421.8348248165523,-0.21759164328867245,1.0137498584641298,0.14536763162852784
2472,1424.7353951883188,0.895092259510546,0.09999569550055215,5.0,31.0,0.0,-1423.1844165622206,-0.1436971952494904,0.9959439152321962,0.14482842829239959
2473,1426.0408466871872,0.9806762570716693,0.10268267199251127,4.0,31.0,0.0,-1424.4570793703672,-0.21920318660394117,1.0175159992148708,0.15017467092644593
2474,1423.2134380240334,0.9810956508674256,0.13406260232242445,4.0,15.0,0.0,-1422.7257536885088,-0.29159401631364995,1.038599426028222,0.14413865155212444
2475,1422.4580452069179,1.0,0.11295602182469806,2.0,7.0,0.0,-1422.077486590282,-0.19822107635893094,1.016507073086937,0.14512948843628865
2476,1424.3632407427992,0.9767830369031025,0.09999569550055215,4.0,15.0,0.0,-1423.9701945065422,-0.1372082266273711,0.9943558597198345,0.1460184585198493
2477,1424.9621589144347,0.9656839822987846,0.10268267199251127,4.0,19.0,0.0,-1422.5605151723107,-0.21990039721053248,1.0192058985054675,0.15246381650156174
2478,1424.0414786421438,1.0,0.13406260232242445,4.0,15.0,0.0,-1422.9115461433953,-0.28324768745863027,1.037433363524529,0.14509703358337456
2479,1426.8955587965127,1.0,0.11295602182469806,1.0,3.0,0.0,-1423.382430297087,-0.20430115519164832,1.015366532533923,0.14520704486948058
2480,1427.256728292351,0.999814489648301,0.09999569550055215,5.0,39.0,0.0,-1423.473518428805,-0.22095210252524125,1.0190440383852777,0.14508829538422208
2481,1423.8289138074151,0.7698806094195985,0.10268267199251127,6.0,63.0,0.0,-1419.9745527620862,-0.18322394149844023,1.0047113140477955,0.14539606578383465
2482,1426.6068792529602,0.9992317414108652,0.13406260232242445,4.0,23.0,0.0,-1421.9549620061277,-0.24411478749191604,1.0258454838521538,0.145164368584955
2483,1425.4468824591436,0.850552006384108,0.11295602182469806,4.0,31.0,0.0,-1423.2127142887973,-0.21785748618664844,1.0154409942233382,0.1463199611750856
2484,1426.7979648030985,0.9624572501946338,0.09999569550055215,5.0,31.0,0.0,-1426.5612319898655,-0.1994981589542725,1.0119271653055688,0.1480111332599581
2485,1426.8019624551675,0.9747706414814393,0.10268267199251127,1.0,3.0,0.0,-1423.7206744334794,-0.1782046461921929,1.0063788528139312,0.14528807375679673
2486,1425.0788368969756,0.9422927015557908,0.13406260232242445,5.0,31.0,0.0,-1424.266827860408,-0.14693675961079805,0.9972468463609524,0.14462315021946034
2487,1426.8255293418795,0.9995651275628433,0.11295602182469806,3.0,15.0,0.0,-1425.1491923547194,-0.2169510216052522,1.0190233314323,0.14612140000929477
2488,1426.8172288493643,0.9952099545832799,0.09999569550055215,3.0,11.0,0.0,-1426.6728229063178,-0.19804359661563078,1.0131550137647303,0.147788456912166
2489,1426.8537406302207,0.9899744582533685,0.10268267199251127,4.0,15.0,0.0,-1426.635850938295,-0.1811579813600343,1.0079098957211923,0.14495036353240667
2490,1426.7783714926418,0.680019624759054,0.13406260232242445,5.0,31.0,0.0,-1420.770880823427,-0.23676604453295552,1.0229973043266551,0.14415045262811318
2491,1427.0581694381756,0.7908618330019387,0.11295602182469806,2.0,3.0,0.0,-1425.1090957749684,-0.21870067699927703,1.017395993579391,0.1462470450112742
2492,1425.8943195465465,0.9621634269083355,0.09999569550055215,5.0,63.0,0.0,-1425.0022346545607,-0.2512401548761516,1.0264713061134625,0.1441833057132036
2493,1426.6113502945286,0.9274315642567813,0.10268267199251127,5.0,31.0,0.0,-1425.9315058523878,-0.1797178721347063,1.0067904829886045,0.14317423476677604
2494,1426.9296204276334,0.8829916650595391,0.13406260232242445,5.0,31.0,0.0,-1425.9656747421225,-0.21062269464699607,1.0170801112978445,0.14441427103343998
2495,1426.699645240238,0.9998709709758401,0.11295602182469806,5.0,31.0,0.0,-1425.839429654813,-0.17926195665387135,1.0069805606772917,0.1472263964009975
2496,1425.0302106689383,0.8917190702981452,0.09999569550055215,5.0,63.0,0.0,-1422.9991776737693,-0.21273761028439603,1.0176769246567436,0.13919518003075157
2497,1427.0648274669054,0.9041094277223116,0.10268267199251127,4.0,23.0,0.0,-1425.5363557200617,-0.21799475504111204,1.017423872253898,0.1470338578286838
2498,1426.7993807424214,0.9650283817021447,0.13406260232242445,5.0,31.0,0.0,-1426.0313408479242,-0.18926202089876515,1.0103952237118818,0.1431702470744939
2499,1426.9835831221321,0.9962324949923146,0.11295602182469806,3.0,15.0,0.0,-1426.2142406545802,-0.18631844540293255,1.008688126149088,0.14651709545049713
2500,1425.8244448066664,0.9116063998508575,0.09999569550055215,4.0,31.0,0.0,-1423.1638323502625,-0.18342965518365775,1.0100864963061051,0.14424077708918828
2501,1426.886798740395,0.9982544957467422,0.10268267199251127,5.0,31.0,0.0,-1426.623464928321,-0.22798823659482337,1.0204497106495691,0.1474195284261058
2502,1426.6609491038819,0.9999078902513772,0.13406260232242445,5.0,47.0,0.0,-1425.9050938176588,-0.21613718459484077,1.0172747818504189,0.14171521931058334
2503,1425.2461484970793,0.6267465629293245,0.11295602182469806,1.0,3.0,0.0,-1424.6981614327112,-0.18267351179367108,1.0103566404820221,0.14648640768130042
2504,1426.1033357158171,0.9887139397305733,0.09999569550055215,4.0,27.0,0.0,-1422.83061862102,-0.21148359193204322,1.0152414881041494,0.15008733514715497
2505,1424.3842319040075,0.7790671120946702,0.10268267199251127,5.0,35.0,0.0,-1421.4790950388076,-0.14827408013677518,0.9962720944828918,0.1462964585503616
2506,1426.5882207483382,0.8982010000135833,0.13406260232242445,2.0,3.0,0.0,-1426.2538693730637,-0.21663920881800391,1.0169503129595399,0.14188438040497992
2507,1423.4458761017227,0.8996758059808464,0.11295602182469806,5.0,31.0,0.0,-1420.2879279061624,-0.2354584568336037,1.0235235910488634,0.15435286984443122
2508,1425.9803810580547,0.7953257307351705,0.09999569550055215,5.0,63.0,0.0,-1423.4196871925099,-0.16520015779388922,1.0037942185599338,0.14666823598557688
2509,1426.213056464605,0.9997059089602586,0.10268267199251127,4.0,31.0,0.0,-1423.9537883428995,-0.1670266302882205,1.0038916868088548,0.14416507149915425
2510,1426.3880471582981,0.7715903169096534,0.13406260232242445,3.0,9.0,0.0,-1424.649289561901,-0.21301393718419326,1.0182648141518167,0.1434837024573845
2511,1427.0856821263599,0.9682550387633868,0.11295602182469806,4.0,19.0,0.0,-1422.1786334505266,-0.2196600721232962,1.0179454242035946,0.14385751993836143
2512,1427.0518198278498,0.9996695166469454,0.09999569550055215,4.0,23.0,0.0,-1425.2646962224842,-0.20418145301718502,1.0148950123591471,0.14391484950758157
2513,1424.8713922249083,0.9994025592146378,0.10268267199251127,4.0,15.0,0.0,-1424.4559065326036,-0.1551225960216835,1.0002750682880353,0.1414920430444847
2514,1425.943095202014,0.9825892619150086,0.13406260232242445,4.0,31.0,0.0,-1425.0510775830226,-0.18834017957827479,1.0111816719818527,0.14845481591988624
2515,1427.1087768688897,0.9999085539641909,0.11295602182469806,4.0,31.0,0.0,-1425.873848413844,-0.1968947378371391,1.0113621012434686,0.14429070601051255
2516,1425.530374087311,0.9811881079848844,0.09999569550055215,4.0,31.0,0.0,-1424.1539622791977,-0.20267139120581837,1.0126588136031005,0.15124366511003842
2517,1422.9829590085296,0.6511232848543611,0.10268267199251127,1.0,3.0,0.0,-1422.6428305253855,-0.1525335097611391,1.0016836896546968,0.14149680487038552
2518,1425.8431544206164,0.9988432096143781,0.13406260232242445,5.0,31.0,0.0,-1424.2587782662006,-0.2598304204101639,1.0302882441400398,0.14581232142398062
2519,1423.0352411155754,0.901782266726631,0.11295602182469806,4.0,31.0,0.0,-1421.5304278988174,-0.23806469718298323,1.0233822132003352,0.13689870602669352
2520,1425.930065516863,0.9106621516506419,0.09999569550055215,5.0,31.0,0.0,-1424.4553040481296,-0.18835676900763526,1.008244346226377,0.14161649393071313
2521,1424.6029239469788,0.9850380098615513,0.10268267199251127,5.0,31.0,0.0,-1421.3350872436229,-0.1780503964933474,1.0090249726811644,0.14233619127832928
2522,1425.3992852191147,0.7312974952122975,0.13406260232242445,4.0,17.0,0.0,-1423.8796652021554,-0.23993154886915918,1.02210337464136,0.14600737941804456
2523,1420.5232153627971,0.5823331459106157,0.11295602182469806,2.0,3.0,0.0,-1420.0716396796765,-0.240383362739859,1.0216161824202328,0.1369863877048183
2524,1425.6800983389319,0.9845271870675304,0.09999569550055215,3.0,7.0,0.0,-1425.3833921315488,-0.18290310598562246,1.0088910490423426,0.14081728072988373
2525,1425.9989467069797,0.999754881424369,0.10268267199251127,3.0,7.0,0.0,-1424.7434532120233,-0.1872670197636518,1.0077595528306043,0.1422904413237944
2526,1424.6008957784024,0.9982714124453197,0.13406260232242445,5.0,31.0,0.0,-1423.6789705154392,-0.1639071105339854,1.0044539833081507,0.14226348691382446
2527,1424.1372283670862,0.94058840957554,0.11295602182469806,5.0,47.0,0.0,-1417.5365148288045,-0.26829145848544655,1.0313952100862411,0.14146239934467758
2528,1426.3485244344747,0.9714419631310098,0.09999569550055215,5.0,31.0,0.0,-1425.123263756718,-0.18614103965482062,1.0102852395841324,0.14738149054983687
2529,1425.7566041712778,0.9636594573903137,0.10268267199251127,5.0,31.0,0.0,-1425.2499334137422,-0.18125720007909396,1.005497533235295,0.14461703326049602
2530,1423.9923717547174,1.0,0.13406260232242445,5.0,31.0,0.0,-1423.111665891961,-0.1511853788113013,0.9968623421372824,0.1485048808621303
2531,1426.7659001368397,0.9988618801625431,0.11295602182469806,5.0,31.0,0.0,-1421.2732763936372,-0.21879755430871162,1.0179766134049129,0.14213047144799498
2532,1426.528915787847,0.9999567647443663,0.09999569550055215,5.0,31.0,0.0,-1426.0844871461995,-0.2025131044875544,1.012378568331755,0.14828567355019512
2533,1426.0405760989304,0.8957797062975508,0.10268267199251127,4.0,19.0,0.0,-1423.9162673487745,-0.1746981112262269,1.006066320223907,0.1419553819282351
2534,1422.775838587925,0.9508448742411844,0.13406260232242445,3.0,15.0,0.0,-1420.167023215196,-0.1306317625148524,0.9941248468972445,0.14993370602880676
2535,1426.4004618135652,0.999872735851916,0.11295602182469806,4.0,15.0,0.0,-1426.2276273373652,-0.20981397259938014,1.0159443201975158,0.14099663130195977
2536,1426.8419373041586,0.9371709174346081,0.09999569550055215,4.0,31.0,0.0,-1424.1629189770415,-0.19238820540738077,1.0095845832203767,0.14591802710392598
2537,1426.6131451979402,0.9793518410886827,0.10268267199251127,4.0,31.0,0.0,-1424.776682514216,-0.18559397471104083,1.008069787489361,0.14288120664065962
2538,1423.5223602254023,0.6995599433804517,0.13406260232242445,2.0,3.0,0.0,-1420.4009801192826,-0.13742238118676972,0.99416253517759,0.14991516733653312
2539,1426.0051798102281,0.8791877469427994,0.11295602182469806,2.0,3.0,0.0,-1425.8519109699362,-0.2124850373016618,1.0153142489075024,0.14095916133263517
2540,1426.890827564212,0.9809901588408828,0.09999569550055215,5.0,31.0,0.0,-1425.3315783549115,-0.225604006968058,1.0207570475861127,0.14753274986884266
2541,1426.7211971855722,0.8617596516687192,0.10268267199251127,2.0,3.0,0.0,-1425.5796842362531,-0.1846938200503969,1.0088918638222284,0.14309172043508728
2542,1423.697074826118,0.956269429023411,0.13406260232242445,4.0,15.0,0.0,-1423.1140310543974,-0.14068774023151853,0.9950691012157625,0.15006838685027865
2543,1424.0937839040068,0.6971354673233909,0.11295602182469806,5.0,39.0,0.0,-1421.6484427730982,-0.19859272288758495,1.0095116686652292,0.14180002650593446
2544,1425.4670369005908,0.7299761337990839,0.09999569550055215,2.0,3.0,0.0,-1424.2926032649186,-0.2254633679683233,1.022564136764724,0.14727598471281705
2545,1426.1493812887459,0.8788803103074981,0.10268267199251127,4.0,19.0,0.0,-1425.3512470128217,-0.20632394570706,1.012716365022042,0.143992947803656
2546,1426.5712638569614,0.9999054385272387,0.13406260232242445,5.0,63.0,0.0,-1423.2391685777873,-0.2375494742155744,1.0240130603502742,0.14304191144542108
2547,1424.2732334158422,0.9950664380877758,0.11295602182469806,4.0,15.0,0.0,-1422.0588614641779,-0.22047057348006585,1.0175475826054579,0.1382864070533422
2548,1424.9722650078438,0.9994618907987447,0.09999569550055215,5.0,31.0,0.0,-1424.4912402697523,-0.17154511416819582,1.0023310011347515,0.14588843833551363
2549,1426.783848559948,1.0,0.10268267199251127,2.0,3.0,0.0,-1426.2279391726602,-0.2005472279908464,1.014249016563094,0.14384763250677995
2550,1424.185169311604,0.5190716414547808,0.13406260232242445,1.0,3.0,0.0,-1423.4827474917245,-0.24207027716478663,1.0221128534194088,0.14329722963772493
2551,1424.881687234366,0.9943994164700216,0.11295602182469806,3.0,7.0,0.0,-1424.3129699449175,-0.21815368699429538,1.0185122628516565,0.13853972073923615
2552,1426.0536725467953,1.0,0.09999569550055215,4.0,19.0,0.0,-1424.893428617814,-0.19981885836828225,1.0107632047831032,0.14665684012306243
2553,1424.7323005667752,0.7121384460584573,0.10268267199251127,1.0,3.0,0.0,-1424.6785479842017,-0.19825398746418663,1.0153005018821972,0.14385915870692903
2554,1424.5594129413366,0.9916804711276466,0.13406260232242445,5.0,31.0,0.0,-1422.8291943604215,-0.18697075819455913,1.0064689602477546,0.14906293370525941
2555,1425.1643206261726,0.9895833544491675,0.11295602182469806,2.0,7.0,0.0,-1423.9772206044324,-0.21707027952592223,1.018423196943844,0.1390342604322973
2556,1426.7560101817783,0.9838880266945438,0.09999569550055215,4.0,27.0,0.0,-1425.4518023057299,-0.1942074285595186,1.0120493554209502,0.1429728677794882
2557,1427.1949357095193,0.9166537859541993,0.10268267199251127,3.0,11.0,0.0,-1423.6125956004853,-0.1942893956441558,1.0113057633560036,0.14447158980728128
2558,1425.765352942539,0.7967530858793793,0.13406260232242445,2.0,3.0,0.0,-1422.0951695066528,-0.18242801892695915,1.006609528481669,0.1495755882230781
2559,1427.0714267071758,0.9856740828793772,0.11295602182469806,4.0,31.0,0.0,-1424.8097752328063,-0.19150419517981632,1.01087178685707,0.146469199875353
2560,1425.8991608032877,0.7779334642124116,0.09999569550055215,3.0,15.0,0.0,-1423.7793658908142,-0.19258947204893595,1.0129042233964,0.14529949563548292
2561,1426.6766866200098,0.9635941391851548,0.10268267199251127,5.0,31.0,0.0,-1426.332795187042,-0.1993644867321807,1.0137006398695045,0.14809625710857796
2562,1425.684847045231,0.9978841508675466,0.13406260232242445,5.0,31.0,0.0,-1424.7655420956537,-0.24728558125214084,1.0254455341837354,0.14216348912392293
2563,1426.6860893092608,0.9869238814127523,0.11295602182469806,5.0,31.0,0.0,-1425.7291178399873,-0.21896996058552082,1.0177352721838435,0.1421208378217007
2564,1426.9718818469546,0.7897325932418817,0.09999569550055215,2.0,3.0,0.0,-1424.1874720910662,-0.19704422319521375,1.0130527066857233,0.1449971001053357
2565,1427.1223251049564,0.9087994199472672,0.10268267199251127,4.0,27.0,0.0,-1424.5145074904128,-0.19271729888057612,1.011244363102705,0.1446460362831047
2566,1424.7105148572487,0.6240619137027938,0.13406260232242445,5.0,31.0,0.0,-1419.9538937505615,-0.2600208520469656,1.0286512419263287,0.1422465125282616
2567,1427.3194167206073,0.971240667692522,0.11295602182469806,4.0,19.0,0.0,-1426.4636711179971,-0.21205165808233448,1.0163050227142225,0.14458892270970428
2568,1425.6337945520577,0.9986414906412903,0.09999569550055215,4.0,29.0,0.0,-1424.9716115589029,-0.21340337966553177,1.017763053080507,0.1509876209143348
2569,1425.1459179949704,0.9779257568450817,0.10268267199251127,4.0,31.0,0.0,-1424.5019490048421,-0.14831719274976785,0.99806486470182,0.14401311288222893
2570,1423.7922620760746,0.9699259430939792,0.13406260232242445,4.0,15.0,0.0,-1423.1084771744772,-0.274368975023254,1.0358991025519402,0.14326338985364237
2571,1427.081019098349,0.9819964725165317,0.11295602182469806,4.0,31.0,0.0,-1426.7478486044192,-0.21867127667155525,1.018919361831312,0.14404504030152995
2572,1426.3084923594852,0.9926097225328847,0.09999569550055215,4.0,31.0,0.0,-1424.1634881258824,-0.23794229570768868,1.0232187802333936,0.14229425973533805
2573,1424.4055261078738,0.959749339714001,0.10268267199251127,4.0,15.0,0.0,-1423.6735911372148,-0.13811501528252196,0.9946381106496653,0.1466761307453123
2574,1424.6936574775018,1.0,0.13406260232242445,4.0,15.0,0.0,-1423.8166640002037,-0.27101493802713966,1.033540692463651,0.14269517303988646
2575,1426.997650639897,0.9872659027968016,0.11295602182469806,4.0,15.0,0.0,-1426.7105070930234,-0.21191027396715398,1.0162456839195733,0.1426548760652247
2576,1426.8821418204486,0.9723946099697172,0.09999569550055215,5.0,31.0,0.0,-1425.5480409476086,-0.19536245785760895,1.012586833691652,0.14423637984691526
2577,1423.7137025793577,0.9840962388250332,0.10268267199251127,5.0,63.0,0.0,-1422.7909052324815,-0.2857208845850562,1.0369993203861503,0.143758334649851
2578,1426.6782917623827,0.9996314045911278,0.13406260232242445,5.0,31.0,0.0,-1424.5458866732358,-0.23923065190827805,1.0243914325796524,0.1437989940622281
2579,1426.515001296187,0.8720700251869842,0.11295602182469806,5.0,31.0,0.0,-1425.7720405063,-0.22908133388462257,1.022597494019208,0.1442496776124533
2580,1426.6200074949727,0.9876810960096026,0.09999569550055215,5.0,63.0,0.0,-1426.4727129911983,-0.20779024997931625,1.0137759445444594,0.14321176840140637
2581,1423.5162584108657,0.9736993713467039,0.10268267199251127,4.0,15.0,0.0,-1423.0668864311288,-0.28934175474262924,1.038214596983257,0.14430390889438474
2582,1426.4545229263103,0.9678639073610492,0.13406260232242445,4.0,15.0,0.0,-1426.2071940768412,-0.24161459648349876,1.0251064529290206,0.1431164176510388
2583,1426.3045614429818,0.9997370928392573,0.11295602182469806,3.0,11.0,0.0,-1426.2147663847543,-0.23707719457561632,1.0249056911518568,0.14450062018735813
2584,1425.8384095885167,0.9397002126800293,0.09999569550055215,6.0,63.0,0.0,-1425.3724697517937,-0.20943433573246112,1.0175450016480916,0.14856178959996125
2585,1422.0838443390571,0.7835806158406626,0.10268267199251127,2.0,3.0,0.0,-1421.7092765529044,-0.2917678197994384,1.0371600083020784,0.14408420832379518
2586,1424.7212375710162,0.4725264665856333,0.13406260232242445,2.0,3.0,0.0,-1423.2438906931545,-0.24222191554219055,1.0226335925831191,0.1426425919390037
2587,1426.8835018836105,0.9995144273840619,0.11295602182469806,3.0,11.0,0.0,-1426.010693118417,-0.2358704005337105,1.0228189234787741,0.1448380888385555
2588,1426.7227226316388,0.9924085659994313,0.09999569550055215,2.0,7.0,0.0,-1425.6208452271364,-0.213482614740475,1.0165710406064707,0.14898624651067144
2589,1425.7142842296169,0.9998376257174558,0.10268267199251127,5.0,31.0,0.0,-1421.8032930410575,-0.25615760183946834,1.029130940970201,0.14827639421473046
2590,1425.1663812603995,1.0,0.13406260232242445,2.0,3.0,0.0,-1424.5715515435165,-0.23389135407175507,1.0249405647810013,0.14316294507812566
2591,1426.7309857947341,0.8369051021487784,0.11295602182469806,5.0,31.0,0.0,-1425.2712926575423,-0.2219975611002607,1.0186646218216966,0.1484683146904024
2592,1426.8931542893495,0.9714146334865802,0.09999569550055215,5.0,31.0,0.0,-1426.385239817456,-0.19369144499123409,1.011948626224221,0.14385830223035898
2593,1422.8387026808628,0.7130433802640125,0.10268267199251127,5.0,35.0,0.0,-1421.785164416098,-0.1867459800920394,1.005578953347608,0.1417759199167831
2594,1426.1478038545113,0.9686884470739779,0.13406260232242445,4.0,19.0,0.0,-1424.5561752017254,-0.21477837927510987,1.0150991857397647,0.14454034645356764
2595,1425.6905556387214,0.989628196517882,0.11295602182469806,5.0,31.0,0.0,-1424.5343659163975,-0.16808456595057658,1.0027264363683215,0.14861389171978417
2596,1426.0902911650712,0.9962652313192971,0.09999569550055215,4.0,15.0,0.0,-1426.0302118372556,-0.17474238982720933,1.00653161758161,0.14268415939747103
2597,1423.87023347832,1.0,0.10268267199251127,1.0,1.0,0.0,-1422.5890647883207,-0.18678899152508735,1.0061513714696957,0.1416968500902361
2598,1427.2953140094671,0.9690912562951587,0.13406260232242445,2.0,3.0,0.0,-1426.0871862163447,-0.20991847272745723,1.016061815851749,0.1446336818271479
2599,1425.9980888678333,0.7953073061332397,0.11295602182469806,3.0,11.0,0.0,-1423.9229047088927,-0.17280252805540355,1.0036227976841186,0.14627391450538005
2600,1426.7394035827153,0.9920066278549563,0.09999569550055215,4.0,31.0,0.0,-1421.460517137995,-0.20456715672542863,1.0153347847866974,0.14762258992915162
2601,1426.3407693760917,0.6710515042131819,0.10268267199251127,4.0,23.0,0.0,-1418.5352248505387,-0.2040731714338165,1.0158786029249616,0.14654625927002424
2602,1427.1980098223416,0.9999760891292435,0.13406260232242445,5.0,31.0,0.0,-1427.0401887841272,-0.2221745987445766,1.0194355260180707,0.14626101830953997
2603,1422.929521082783,0.6933397799924698,0.11295602182469806,5.0,43.0,0.0,-1421.8325689869541,-0.17767373126081548,1.0099149327511396,0.1493973887713691
2604,1426.913040886145,0.898958609261286,0.09999569550055215,4.0,27.0,0.0,-1425.2019652044178,-0.18276188542448926,1.0075017316636763,0.14557492372051117
2605,1426.6112455983903,0.9305138781815713,0.10268267199251127,4.0,17.0,0.0,-1425.1011884312375,-0.18961572210773928,1.0112515222765894,0.1448354204767805
2606,1426.9927626176786,0.8799079047042422,0.13406260232242445,5.0,31.0,0.0,-1424.3639570791445,-0.19754297250732913,1.0130316386937577,0.14407823342767448
2607,1426.0617702084714,1.0,0.11295602182469806,2.0,3.0,0.0,-1423.4186381233344,-0.1878254023932442,1.0081592108255695,0.1491199694093803
2608,1426.845143100217,0.967269452522557,0.09999569550055215,5.0,33.0,0.0,-1426.2794055940094,-0.23597242974440927,1.0234711036089754,0.14424887387429913
2609,1426.6521070031256,1.0,0.10268267199251127,5.0,63.0,0.0,-1426.4651389972712,-0.19826525581552493,1.0136635542341275,0.14350611851763584
2610,1426.5245692708277,0.9997991697803079,0.13406260232242445,5.0,31.0,0.0,-1426.3379832735104,-0.2116701748468504,1.0170462754143421,0.14177037288898064
2611,1425.7513670954002,0.8952919595218979,0.11295602182469806,4.0,23.0,0.0,-1423.6378505893304,-0.18470813478658663,1.010266083013356,0.14268947196488205
2612,1425.860867659541,0.9453848309050835,0.09999569550055215,5.0,35.0,0.0,-1425.5351305929332,-0.1612819696591254,1.0026052172870088,0.14600312441690444
2613,1426.781064230059,0.9950983754121314,0.10268267199251127,4.0,31.0,0.0,-1426.124476646428,-0.20690778846478744,1.0162734345180402,0.14504595230873643
2614,1426.7627770870004,0.9033943735970322,0.13406260232242445,3.0,15.0,0.0,-1423.8526168658354,-0.21237874784331032,1.0150453155261316,0.1444241284211514
2615,1426.8817018521197,1.0,0.11295602182469806,5.0,31.0,0.0,-1425.6782908237974,-0.20377235921752568,1.0135677209540972,0.1483379774798057
2616,1425.896707907635,0.8951523770979589,0.09999569550055215,5.0,31.0,0.0,-1424.4369723113332,-0.2037665599189162,1.0121770376922257,0.14894478888786464
2617,1427.3447884265545,1.0,0.10268267199251127,2.0,3.0,0.0,-1426.7509873246997,-0.20769338598010967,1.015045293521753,0.14497216480979613
2618,1426.7644682427049,0.999990796713155,0.13406260232242445,4.0,27.0,0.0,-1425.7056951386694,-0.23346146628297706,1.0215848608631604,0.1448215632688844
2619,1426.6125406512158,0.9742340286088432,0.11295602182469806,3.0,15.0,0.0,-1424.8412344656176,-0.20279390045793302,1.0142569365495357,0.14905150637864842
2620,1426.6398529520718,0.957456228902619,0.09999569550055215,1.0,3.0,0.0,-1425.6101754290282,-0.20005588902456123,1.0133753788262192,0.14898479031444717
2621,1426.761893323358,0.9776166255702974,0.10268267199251127,4.0,23.0,0.0,-1425.7757562004076,-0.20622180462158327,1.0141039918461618,0.14864696213101813
2622,1425.4869003306392,0.6308776063371746,0.13406260232242445,5.0,31.0,0.0,-1422.3292574993425,-0.15591903499974422,1.001200771454809,0.1451300265151235
2623,1427.0616929604453,0.9849089234319335,0.11295602182469806,4.0,27.0,0.0,-1426.0559494664647,-0.2166185088919476,1.016708044569593,0.1458055241162304
2624,1426.9227240373173,0.9941614663525175,0.09999569550055215,5.0,31.0,0.0,-1426.0569344332741,-0.2347336454620225,1.0231213516995976,0.14605683792736637
2625,1426.8355545866052,0.9951262260299598,0.10268267199251127,5.0,63.0,0.0,-1425.7233738195791,-0.18505865131985233,1.0079967795782856,0.14396153152269514
2626,1426.0778556840007,0.8924569949973916,0.13406260232242445,4.0,31.0,0.0,-1423.0849885071275,-0.16432452353451088,1.0030570223261839,0.14405115394115464
2627,1425.7063404539424,0.8215256171677466,0.11295602182469806,4.0,23.0,0.0,-1424.2976611170207,-0.1958394072002114,1.0127633012238741,0.15062259923411098
2628,1426.7667878877594,0.9793713732733269,0.09999569550055215,5.0,31.0,0.0,-1425.8141565212395,-0.2319798464349895,1.0227726509795534,0.14374492588553814
2629,1425.0539129016054,0.6358550482940324,0.10268267199251127,4.0,31.0,0.0,-1421.5057382327798,-0.18090744083008836,1.0076930280771819,0.13938215843367074
2630,1426.7697327062476,0.9433127360620778,0.13406260232242445,5.0,31.0,0.0,-1425.4861114912069,-0.1918446023066464,1.0099910618511199,0.1480643205236632
2631,1427.111611083456,0.9992076683902812,0.11295602182469806,4.0,27.0,0.0,-1425.0252914093944,-0.2189821543893985,1.0177822724310324,0.1468008458008688
2632,1426.4095866817374,0.8886585654178932,0.09999569550055215,5.0,31.0,0.0,-1425.009358485663,-0.192228935583254,1.0111362958738486,0.14934449038845404
2633,1424.5437003203035,0.9932441853734517,0.10268267199251127,4.0,15.0,0.0,-1423.9030683446051,-0.18932385953858563,1.0092069234103442,0.13840424172292665
2634,1425.5542377377744,0.9537027341987511,0.13406260232242445,5.0,31.0,0.0,-1424.917310459714,-0.21291411011924696,1.0177251616310319,0.15103627143373405
2635,1426.9200209328062,0.899454851631077,0.11295602182469806,4.0,31.0,0.0,-1424.8780972850873,-0.1942798620351974,1.0102121433681575,0.1460151132890632
2636,1427.0509575052479,0.9745001480370205,0.09999569550055215,5.0,31.0,0.0,-1424.6543164637983,-0.21542428974635097,1.0180265704566336,0.1470054694098017
2637,1423.464742037429,0.8957039396933518,0.10268267199251127,2.0,3.0,0.0,-1423.3263435236681,-0.1834712298230961,1.0098407314706128,0.13823964309612513
2638,1425.790461152037,0.8757951553994663,0.13406260232242445,5.0,31.0,0.0,-1424.0970468563135,-0.1798612112594066,1.0088721807327299,0.1434691113286324
2639,1426.9935843974888,0.9997888451543621,0.11295602182469806,3.0,15.0,0.0,-1426.6833558426786,-0.19520843217928527,1.012450262255503,0.14549865570659137
2640,1426.8672079979551,0.9995471869708651,0.09999569550055215,4.0,15.0,0.0,-1426.8010974937595,-0.20917682882501912,1.0162411165192633,0.148042808776241
2641,1425.1299266169206,0.8942174510468186,0.10268267199251127,3.0,15.0,0.0,-1418.9866825655845,-0.19167451511418554,1.008556746955003,0.14099258947315668
2642,1425.0211773708604,0.9396011607525776,0.13406260232242445,4.0,23.0,0.0,-1421.2630606585553,-0.17501123822835352,1.0032722782172787,0.14634043462158067
2643,1426.940570598005,0.9502220940654649,0.11295602182469806,3.0,11.0,0.0,-1426.2787789246702,-0.1866959403161853,1.0095986663274465,0.1464300280307319
2644,1424.7937181722996,0.9934297577573606,0.09999569550055215,5.0,31.0,0.0,-1424.259369609547,-0.16639762973255495,1.0024667798646976,0.1510538219663945
2645,1425.1299266169206,0.5797703576632224,0.10268267199251127,1.0,1.0,0.0,-1423.467016431141,-0.19167451511418554,1.008556746955003,0.14099258947315668
2646,1426.744160499173,0.977990975488102,0.13406260232242445,5.0,63.0,0.0,-1424.415903129247,-0.23867918733775187,1.0234169771489696,0.14495534198206755
2647,1424.1063700859977,0.9986542375195608,0.11295602182469806,5.0,31.0,0.0,-1423.3674001096301,-0.26033435141149003,1.0308715997252669,0.1399340750402725
2648,1425.301945635087,0.8641099296064602,0.09999569550055215,2.0,7.0,0.0,-1423.524246134366,-0.16603842359019624,1.0036964556965944,0.15001824405105468
2649,1426.3654375832489,0.9809006687793682,0.10268267199251127,5.0,31.0,0.0,-1424.6159806429494,-0.18670887781157738,1.007766055531701,0.147703340460045
2650,1426.3599783027516,0.9897978357542044,0.13406260232242445,4.0,19.0,0.0,-1425.9378837662052,-0.25024670657369635,1.0271136173001072,0.14557327828578645
2651,1426.2397590983815,0.9798249988775851,0.11295602182469806,5.0,31.0,0.0,-1422.5135146794337,-0.16977984180117245,1.0033068609589528,0.14611895135568992
2652,1425.8577170310177,0.9970953934986845,0.09999569550055215,5.0,47.0,0.0,-1423.6310847226268,-0.25800330675903377,1.030141230951398,0.14539985963640237
2653,1426.750472740727,1.0,0.10268267199251127,2.0,3.0,0.0,-1426.2997365846077,-0.18331030162582468,1.0079532654651802,0.14759645109381717
2654,1425.1679674543245,0.7600036882981083,0.13406260232242445,3.0,15.0,0.0,-1422.4862624350615,-0.260920381464407,1.0289036506522455,0.14661545954017868
2655,1426.556378833618,0.9581383936171329,0.11295602182469806,5.0,31.0,0.0,-1425.8460928032066,-0.17412842152961108,1.0057357297158593,0.14681151049219993
2656,1424.4057396207602,0.9987101328940504,0.09999569550055215,4.0,15.0,0.0,-1423.896758012315,-0.2713521769751899,1.0332200429370306,0.1418547506281893
2657,1426.6958925279919,0.9980390159044517,0.10268267199251127,2.0,7.0,0.0,-1426.6206414642954,-0.18291057991298626,1.0076542536821353,0.1476959267605845
2658,1424.9501606269032,0.9630529032186874,0.13406260232242445,4.0,15.0,0.0,-1424.571452418825,-0.258088291978836,1.0276468469875086,0.14518945950249607
2659,1425.934996761275,0.8592339383237223,0.11295602182469806,3.0,15.0,0.0,-1423.57768614969,-0.16171293192158817,1.0015666482534913,0.14715769234471132
2660,1425.7605571782303,0.8576714873498904,0.09999569550055215,5.0,31.0,0.0,-1422.8724490315994,-0.18877744222654844,1.010138586523045,0.15076812898446096
2661,1426.3645966987635,0.8588863124489315,0.10268267199251127,5.0,31.0,0.0,-1425.201370935886,-0.1803032361508319,1.0082976583469312,0.14338936146909606
2662,1427.1326058671593,0.9972043161409805,0.13406260232242445,5.0,31.0,0.0,-1424.742261067557,-0.20085185600017097,1.0127957295503525,0.14354743020383579
2663,1426.5407051505285,0.9984707436869124,0.11295602182469806,3.0,15.0,0.0,-1425.4406688149074,-0.17303883778054444,1.0048613381883948,0.14658121781536115
2664,1426.0629120544993,0.9858074749097036,0.09999569550055215,5.0,31.0,0.0,-1424.7054125718569,-0.19186322973547176,1.010739996814789,0.14062499026765346
2665,1425.3444291779083,0.9981225520716306,0.10268267199251127,5.0,31.0,0.0,-1425.1077823647345,-0.159435312550002,0.9998413725565588,0.1443578062898109
2666,1427.0637905552317,0.9708450734776447,0.13406260232242445,4.0,31.0,0.0,-1426.5814694285023,-0.22507489793763746,1.0195011875920652,0.14438710698922796
2667,1426.296480717494,0.9942167082414446,0.11295602182469806,5.0,31.0,0.0,-1424.670442890978,-0.23570260043728536,1.0234348924862793,0.14186151130430913
2668,1424.7224604947703,0.7653061057023774,0.09999569550055215,2.0,7.0,0.0,-1424.2661480483093,-0.18885346251168447,1.0118413352985611,0.14086494888530177
2669,1424.5044799266007,0.919394634119456,0.10268267199251127,5.0,31.0,0.0,-1423.6560430327415,-0.14895857307079974,0.9997511656196535,0.14761557903198355
2670,1425.8921368260353,0.833601408281641,0.13406260232242445,5.0,31.0,0.0,-1424.9031833504257,-0.17151563486005897,1.0033451236401656,0.1473223416715447
2671,1425.3800395515311,0.9906929596161873,0.11295602182469806,5.0,31.0,0.0,-1425.0824666496767,-0.2277939366581044,1.0205522962368567,0.1394959728437809
2672,1425.2819076262867,0.8314158909694043,0.09999569550055215,3.0,11.0,0.0,-1420.4932855807326,-0.19056374599032738,1.010592661750281,0.13935123205148306
2673,1425.326431029168,1.0,0.10268267199251127,2.0,3.0,0.0,-1424.4567456723037,-0.15158262402575737,0.9990874075294313,0.1474574174009344
2674,1424.6401021226761,0.9923294134514635,0.13406260232242445,4.0,15.0,0.0,-1424.3027652770484,-0.1449502083438182,0.9978786652130857,0.147857396247046
2675,1426.348238393634,0.9932378039911866,0.11295602182469806,4.0,15.0,0.0,-1425.2111165299225,-0.22850566456335364,1.021714134298332,0.14172101518666844
2676,1425.7688091022853,1.0,0.09999569550055215,4.0,15.0,0.0,-1425.2647747229184,-0.18996320007796302,1.010403544054723,0.14020361581436996
2677,1424.7151867561415,0.9258310675287109,0.10268267199251127,5.0,31.0,0.0,-1423.2615838054185,-0.1596980149860342,1.0023980997812763,0.14122684663027665
2678,1425.757011373242,0.9807929668120823,0.13406260232242445,4.0,15.0,0.0,-1423.7828304274651,-0.17428853516194864,1.0042940799704407,0.14883063197800656
2679,1426.0643064556418,0.8713311304004261,0.11295602182469806,2.0,7.0,0.0,-1425.0130990314017,-0.23107542384415403,1.0205057330045337,0.14211614777981854
2680,1425.4713125333058,0.9593441404849983,0.09999569550055215,4.0,15.0,0.0,-1424.784338283645,-0.18017106782994374,1.006408043787574,0.14043179098709144
2681,1426.9184444706211,0.9999235459458218,0.10268267199251127,5.0,31.0,0.0,-1424.4452473643823,-0.2038371932487742,1.0129996521283282,0.14359197497588339
2682,1426.5026585466687,0.9993221295892476,0.13406260232242445,3.0,11.0,0.0,-1425.7380055506237,-0.17750694120788016,1.006189328899744,0.1478610919397443
2683,1426.539170261118,0.9703586197438593,0.11295602182469806,2.0,3.0,0.0,-1425.9457260304741,-0.22858028045285594,1.021442479040227,0.14201652502116371
2684,1423.9761937601245,0.7224593566194019,0.09999569550055215,2.0,7.0,0.0,-1422.914754959628,-0.17577732632444304,1.0080361615423457,0.1401143595048953
2685,1425.7807826173591,0.8838238227679156,0.10268267199251127,4.0,23.0,0.0,-1425.2464994004547,-0.19248263713975464,1.0129590391507604,0.1460950097539173
2686,1426.2314749008035,0.9868095115495966,0.13406260232242445,5.0,31.0,0.0,-1425.0988158759972,-0.23319940519928703,1.0229188538070682,0.1416102270559965
2687,1425.564880344129,0.9936043292582852,0.11295602182469806,4.0,31.0,0.0,-1423.5766222799166,-0.2646087070569915,1.0315443899426762,0.14584137806510988
2688,1424.1175782338369,1.0,0.09999569550055215,2.0,3.0,0.0,-1423.7273633778848,-0.1811308466383684,1.0052279976236822,0.14030584176033445
2689,1425.6596051200058,0.9872791398145404,0.10268267199251127,4.0,27.0,0.0,-1422.129612621295,-0.22333149985087486,1.0215428480744246,0.14874304217466827
2690,1426.7345321335472,0.8754755238471883,0.13406260232242445,4.0,31.0,0.0,-1424.828697020894,-0.19393584820156806,1.0123752696653914,0.14427425055730783
2691,1424.2343553464586,0.9496353874195496,0.11295602182469806,3.0,15.0,0.0,-1421.5056793994866,-0.2826467500841074,1.0367280120484335,0.14552491914921628
2692,1420.1959270467066,0.6612546063996265,0.09999569550055215,5.0,31.0,0.0,-1417.3784659944604,-0.267763931110769,1.0366269892609774,0.1463296488874277
2693,1423.8867040807677,0.985289454525677,0.10268267199251127,4.0,23.0,0.0,-1421.186716730259,-0.2757656000904583,1.0357868958183882,0.1424864555453059
2694,1427.2332423195846,1.0,0.13406260232242445,4.0,31.0,0.0,-1425.983294746828,-0.19907969130096045,1.0127089600841974,0.14648826999138495
2695,1425.477567389403,0.9665302513616061,0.11295602182469806,5.0,63.0,0.0,-1421.6370291854605,-0.16957187210819777,1.0045849792940083,0.14109772530270465
2696,1425.833669249413,0.9447139775958112,0.09999569550055215,4.0,19.0,0.0,-1418.9428179791728,-0.22347898509781491,1.0173852745919232,0.14587605024139919
2697,1421.9289952297422,0.8374190240593175,0.10268267199251127,5.0,31.0,0.0,-1420.1360745504533,-0.28705198564397,1.035674752044102,0.1497316355587256
2698,1425.8815045407855,0.9508244794864686,0.13406260232242445,4.0,31.0,0.0,-1425.0837863079753,-0.23172085016362468,1.0226434647667588,0.14080976931507042
2699,1424.348958986014,0.9113427264066439,0.11295602182469806,5.0,31.0,0.0,-1423.5081738015097,-0.19466007201328686,1.0096798209981332,0.15240741993190698
2700,1426.305967494259,0.9987905681481033,0.09999569550055215,4.0,23.0,0.0,-1425.0465307292575,-0.20678214128945305,1.0129151325658132,0.14619339924840596
2701,1427.0017716605237,0.9936802832325448,0.10268267199251127,5.0,47.0,0.0,-1421.2779620154465,-0.2155186533326759,1.0162572544957218,0.145161316918178
2702,1426.843690591982,0.9969118804980163,0.13406260232242445,4.0,19.0,0.0,-1425.258952230405,-0.20791170000484105,1.0155739080191966,0.14849246983379963
2703,1426.202473653863,0.9487499036535759,0.11295602182469806,4.0,27.0,0.0,-1422.6123354509011,-0.2110285622194967,1.0143780347400126,0.1482879601670019
2704,1425.4557639260145,0.9864652199699925,0.09999569550055215,4.0,19.0,0.0,-1425.3138640970228,-0.22520406452238673,1.018015848552622,0.14889674732103206
2705,1426.975670385807,0.999578949366127,0.10268267199251127,4.0,27.0,0.0,-1425.0894506599925,-0.19958802174025475,1.0137886811221146,0.14458376777346532
2706,1426.321679614907,0.9656948835458257,0.13406260232242445,4.0,15.0,0.0,-1426.2125145180491,-0.20298257780050513,1.0146382976159634,0.1495187198632511
2707,1424.5775463396126,0.9971995845979573,0.11295602182469806,5.0,31.0,0.0,-1422.287436669294,-0.25128708914376735,1.0291714250581174,0.15040384919137867
2708,1427.0406783595586,0.9917713335938252,0.09999569550055215,3.0,15.0,0.0,-1424.9682433313258,-0.22585238024364143,1.0209443874027149,0.14608967063334438
2709,1425.6079088308932,0.912607770884964,0.10268267199251127,4.0,19.0,0.0,-1424.4102083029813,-0.17810970763000195,1.0051619992796146,0.14190214849984026
2710,1425.2136864907657,0.7048823602981225,0.13406260232242445,2.0,3.0,0.0,-1424.2871507108448,-0.2090871641863033,1.013222953218404,0.14948932324554792
2711,1425.6349533150787,0.9992756997177387,0.11295602182469806,5.0,31.0,0.0,-1423.1424811390573,-0.1657122824169843,1.0015850330747482,0.14436986802476903
2712,1427.027956054576,0.7922590137881966,0.09999569550055215,6.0,63.0,0.0,-1424.6639096664958,-0.21249566847302392,1.0167053535344486,0.14284928871180055
2713,1425.9809798936183,0.9999607187818548,0.10268267199251127,5.0,55.0,0.0,-1424.869219301925,-0.19942861365987666,1.011813583148968,0.15031159165366245
2714,1425.1281512610758,0.9567283376244792,0.13406260232242445,5.0,31.0,0.0,-1424.2384161466314,-0.22515479055479293,1.0227923754833192,0.14488099650917707
2715,1426.6507588231443,0.986766614954388,0.11295602182469806,5.0,31.0,0.0,-1425.0830976988661,-0.19731573527097118,1.0108901179248075,0.14330367710887226
2716,1426.7191819106354,0.9932887454030334,0.09999569550055215,5.0,63.0,0.0,-1426.1726998892068,-0.1873682069993061,1.0089978206723305,0.14814195658302481
2717,1425.6444741467599,0.9973228718940814,0.10268267199251127,4.0,15.0,0.0,-1425.5708486263368,-0.19566175350998005,1.010603116330858,0.15081469881419043
2718,1426.9856011769243,0.9034507773238515,0.13406260232242445,2.0,3.0,0.0,-1424.6942005279197,-0.23274623790396892,1.0219071595628502,0.14528508120540165
2719,1426.7808053044077,1.0,0.11295602182469806,4.0,23.0,0.0,-1425.7393605079933,-0.18962633113552654,1.0110036550636898,0.1447493505215397
2720,1426.5631170258469,0.991178152425392,0.09999569550055215,2.0,7.0,0.0,-1426.452036845981,-0.18427863912103298,1.0084218533694387,0.14849982672711154
2721,1424.9079175693885,0.8869373746088446,0.10268267199251127,2.0,7.0,0.0,-1423.8334177735062,-0.19371178884043394,1.0125305397568882,0.15167473574881687
2722,1426.4539937350667,0.981266541387129,0.13406260232242445,3.0,15.0,0.0,-1426.0211407310867,-0.24797229859216974,1.0268904858654933,0.14566106656296293
2723,1426.1785336424039,0.9022148002298874,0.11295602182469806,4.0,27.0,0.0,-1422.7764265859241,-0.2052982213574999,1.015852660443567,0.1420034198808913
2724,1426.8275768881483,0.976956150455172,0.09999569550055215,3.0,11.0,0.0,-1426.1055092391937,-0.18864219302149193,1.0102354954984392,0.1473803230301289
2725,1424.6478660456094,0.7956235889702444,0.10268267199251127,1.0,3.0,0.0,-1422.7478085869536,-0.19925822333362242,1.0108722799770171,0.15177481857770161
2726,1427.2460880234707,0.9964342938282371,0.13406260232242445,5.0,39.0,0.0,-1425.8764222138363,-0.19946984498347026,1.0127307972883093,0.14424507589117713
2727,1427.2559032555419,0.9895573582867012,0.11295602182469806,3.0,11.0,0.0,-1425.2746405621488,-0.2077509312482115,1.0154985770157867,0.14430321327754744
2728,1427.1123778937915,0.994717333195665,0.09999569550055215,4.0,31.0,0.0,-1425.9056943972723,-0.1993539024911426,1.012042065808553,0.14658151432219915
2729,1426.3851413582074,0.8895244983529286,0.10268267199251127,4.0,23.0,0.0,-1423.1370350041973,-0.21233691448734712,1.018160305509791,0.14397240020861354
2730,1424.9601362253347,0.8692209950203817,0.13406260232242445,4.0,31.0,0.0,-1422.0877202340798,-0.18141761605044068,1.0091902913617266,0.14058258687121264
2731,1426.9762691946548,0.9088559785438578,0.11295602182469806,4.0,31.0,0.0,-1425.0814810876766,-0.2215515802356126,1.0190882536277748,0.1478116562323151
2732,1426.4106288714318,0.926936000523878,0.09999569550055215,5.0,31.0,0.0,-1425.2921335795172,-0.23526627419902246,1.0229812656276513,0.14882732596712123
2733,1427.2222767868436,0.9939134630133887,0.10268267199251127,2.0,3.0,0.0,-1426.2777825323708,-0.21643742417240716,1.0177699919310663,0.14398653017481966
2734,1427.3024992114697,0.8870485907243484,0.13406260232242445,3.0,15.0,0.0,-1422.0993031542662,-0.2053563732350013,1.0141246315158454,0.1459702705417193
2735,1426.7142156449536,0.9758519365759719,0.11295602182469806,5.0,63.0,0.0,-1426.3357073543832,-0.21548678713182087,1.0165867769361165,0.1485290527754644
2736,1425.4801859382985,0.8029956861247814,0.09999569550055215,5.0,63.0,0.0,-1423.6455598101686,-0.2037783235788168,1.016335208082906,0.14800793061946713
2737,1425.699118247595,0.8547635998152014,0.10268267199251127,4.0,19.0,0.0,-1424.3249071755552,-0.20936335813160797,1.0134829951597537,0.1486094746810914
2738,1426.9551755850512,0.9425969613873787,0.13406260232242445,4.0,27.0,0.0,-1426.4008873819366,-0.21953581538893027,1.0185021226684021,0.14801483684684746
2739,1427.1492535478405,0.9967503704769595,0.11295602182469806,5.0,47.0,0.0,-1426.5450377841482,-0.22588828737482386,1.0200760415749621,0.1460075207761365
2740,1425.844662202325,0.996979265331333,0.09999569550055215,4.0,23.0,0.0,-1423.790448011453,-0.22254131940474053,1.0215674935879402,0.14506878035924312
2741,1426.1067625892626,0.9989108208499456,0.10268267199251127,5.0,31.0,0.0,-1425.1960822652316,-0.17840845745980488,1.0082287095987517,0.14448523233533866
2742,1426.9013500848878,0.9912773466964139,0.13406260232242445,2.0,3.0,0.0,-1426.8841704373428,-0.21904317660308198,1.0187161229761903,0.14810094313517944
2743,1427.1808065692746,0.9991591562724506,0.11295602182469806,5.0,47.0,0.0,-1427.042411584498,-0.19175087079244893,1.0104940437761392,0.14499482394454533
2744,1425.009920314603,0.9979850850500219,0.09999569550055215,5.0,31.0,0.0,-1424.605002804066,-0.1986855099508671,1.0103239103082808,0.14113212723740515
2745,1426.4566321760913,0.9978283289367634,0.10268267199251127,3.0,11.0,0.0,-1425.7651877386127,-0.18039602720234213,1.0084586452009463,0.14468258721512206
2746,1426.929563552863,0.8292734733790386,0.13406260232242445,2.0,7.0,0.0,-1425.6845199077407,-0.21830388266941622,1.0172107143922469,0.1470684164873876
2747,1426.7829636607585,0.9826166527460702,0.11295602182469806,3.0,15.0,0.0,-1426.3933449434132,-0.18159299780192484,1.007083474068657,0.14414951306758272
2748,1424.8160332021398,0.9998147334481141,0.09999569550055215,6.0,63.0,0.0,-1423.8894889572946,-0.16142056693745574,1.0038391522156795,0.14419816560263948
2749,1426.4805708366048,1.0,0.10268267199251127,2.0,3.0,0.0,-1426.356495047463,-0.18511268222271904,1.0072722845381026,0.14437748159872202
2750,1426.135534921004,0.9963685590006939,0.13406260232242445,5.0,31.0,0.0,-1425.5573166893046,-0.24875185015880746,1.0265408767895765,0.147904807270073
2751,1425.824621146444,0.9401701359592042,0.11295602182469806,5.0,31.0,0.0,-1422.0613880549,-0.2412522682262455,1.0259010123082204,0.1421922637591263
2752,1425.301740706213,0.9998909115398873,0.09999569550055215,5.0,31.0,0.0,-1424.4523276881453,-0.17559937562197347,1.0037527276621745,0.14746478555167883
2753,1426.8169546203126,0.9552332222136101,0.10268267199251127,2.0,3.0,0.0,-1425.9823832961365,-0.1856623785726397,1.007915090542748,0.14461690968717028
2754,1426.135534921004,0.2448719074184804,0.13406260232242445,1.0,3.0,0.0,-1420.7666363951466,-0.24875185015880746,1.0265408767895765,0.147904807270073
2755,1425.5879647759077,0.9908819924990016,0.11295602182469806,4.0,15.0,0.0,-1425.1600060806165,-0.2438341711009123,1.0246756127514176,0.14120804211809976
2756,1424.6975907434032,0.896813192938915,0.09999569550055215,5.0,31.0,0.0,-1422.6183914480314,-0.20202653013857735,1.015097545981438,0.15197004394837307
2757,1423.5837315018775,0.924281193540739,0.10268267199251127,5.0,31.0,0.0,-1422.0967261505687,-0.2408597798144758,1.0264231072840997,0.13890790182083249
2758,1425.3029198556728,0.9879495051486553,0.13406260232242445,5.0,31.0,0.0,-1424.2324504656733,-0.2187548712111654,1.0188654189171613,0.13925120487353398
2759,1426.617732033989,0.9876160328895749,0.11295602182469806,5.0,63.0,0.0,-1424.3773426417936,-0.19310779298155453,1.0115576895493,0.14225698237773235
2760,1425.3577946699725,0.9991534149874575,0.09999569550055215,5.0,31.0,0.0,-1423.9911572866797,-0.21156873615498448,1.014969842906007,0.15134191521858856
2761,1425.496486151142,0.9707128889094321,0.10268267199251127,4.0,15.0,0.0,-1422.9426615720938,-0.2254800562910739,1.0184067842075917,0.14143402001940045
2762,1425.8006560205224,0.9999816412329401,0.13406260232242445,5.0,31.0,0.0,-1423.6869636621495,-0.2562723657088528,1.0289213520146345,0.143193710044725
2763,1426.0613654299966,0.8833748831559598,0.11295602182469806,4.0,23.0,0.0,-1423.3998694528746,-0.21962280090357011,1.017156941849553,0.14937995806343482
2764,1427.1859481619308,0.9551045126811081,0.09999569550055215,4.0,23.0,0.0,-1422.3239093267969,-0.21897151945828902,1.0183324074706543,0.14384803945908423
2765,1425.496486151142,0.5302178254682582,0.10268267199251127,1.0,1.0,0.0,-1423.5464419069112,-0.2254800562910739,1.0184067842075917,0.14143402001940045
2766,1426.727592329604,0.9975817373747567,0.13406260232242445,5.0,31.0,0.0,-1425.1602481421203,-0.22920065291085231,1.0209259288268218,0.14814766161238946
2767,1426.4419242846086,0.9906680722160179,0.11295602182469806,5.0,31.0,0.0,-1425.6846359086194,-0.23173036247346107,1.0218607560047666,0.14186457243399037
2768,1425.9957167577932,0.864636410208475,0.09999569550055215,3.0,11.0,0.0,-1425.8433443432516,-0.21838358335711255,1.0200631210646935,0.14309502816938044
2769,1421.5915493154619,0.8138893885512851,0.10268267199251127,5.0,31.0,0.0,-1418.9672377972586,-0.16726992301873345,1.0056653529475472,0.13750175601336823
2770,1427.0232018371028,0.9686875864575489,0.13406260232242445,3.0,15.0,0.0,-1425.0796842529583,-0.22385424466724402,1.018881448770676,0.14520365758318246
2771,1426.9381636669916,0.9271214175566982,0.11295602182469806,3.0,11.0,0.0,-1425.286104281036,-0.22900448725831232,1.0211789604649526,0.14343252849338067
2772,1425.2310101253468,0.9787201149053558,0.09999569550055215,4.0,19.0,0.0,-1423.9983596824861,-0.23092696528345524,1.0207575456723554,0.1513543238986786
2773,1422.147886108514,0.9827394909203625,0.10268267199251127,2.0,3.0,0.0,-1421.053780960459,-0.1726509713048492,1.0027121890401636,0.13807251381016494
2774,1427.0226792616795,0.9997339480015248,0.13406260232242445,5.0,35.0,0.0,-1425.7976344214412,-0.20295103973120973,1.0130458458608165,0.14732555230792957
2775,1426.769421529718,0.9738625188793576,0.11295602182469806,2.0,3.0,0.0,-1426.7280402369904,-0.2280697413120079,1.0217049456197553,0.14334676175191183
2776,1424.582839864307,0.8160956881653466,0.09999569550055215,2.0,7.0,0.0,-1423.2630812683165,-0.2264079169499466,1.0222357334193761,0.15168997505772583
2777,1425.8075126990464,0.9997245786095595,0.10268267199251127,5.0,31.0,0.0,-1421.6870522379293,-0.15895375871134124,1.001760618444413,0.1451219014450687
2778,1425.4443987949717,0.8579572418871391,0.13406260232242445,4.0,31.0,0.0,-1423.894915404677,-0.2458403752267955,1.0277596899649477,0.1480349674527046
2779,1427.3374688797664,0.9098302346374186,0.11295602182469806,4.0,19.0,0.0,-1425.7915661810587,-0.2058429849966536,1.0147320063104994,0.14540641469853535
2780,1424.5944585524426,0.9696162839588661,0.09999569550055215,4.0,15.0,0.0,-1423.7912033433788,-0.23607139110531578,1.0250092187153907,0.15121538395544962
2781,1422.9991399236026,0.9709949405092209,0.10268267199251127,6.0,63.0,0.0,-1422.2294653657468,-0.15476756101952227,1.0002698383044508,0.15340780878072624
2782,1425.4443987949717,0.37225475009589076,0.13406260232242445,1.0,3.0,0.0,-1421.9343524437581,-0.2458403752267955,1.0277596899649477,0.1480349674527046
2783,1426.5922567838961,0.9959410213575807,0.11295602182469806,4.0,23.0,0.0,-1426.0140230249795,-0.24342009181617855,1.0257579747253656,0.14474257044058533
2784,1426.2429836191607,0.9946745895374219,0.09999569550055215,5.0,31.0,0.0,-1423.9474896227057,-0.19520129227067387,1.0096382770097956,0.14631921685749802
2785,1424.2090298653711,0.9991729033023289,0.10268267199251127,5.0,31.0,0.0,-1421.7369368517795,-0.1891487051466763,1.009172286940096,0.15345725284041922
2786,1427.0697120397633,0.9677945323577823,0.13406260232242445,5.0,31.0,0.0,-1424.2679109936337,-0.1998214037749787,1.0135339102978758,0.14394282739836686
2787,1426.143732526106,0.9936612258071433,0.11295602182469806,5.0,47.0,0.0,-1424.919373140908,-0.1627242819285729,1.0021753012801848,0.14548666713109495
2788,1426.7159390690524,0.9993826873984745,0.09999569550055215,3.0,15.0,0.0,-1425.8145685362126,-0.20547863301098776,1.0129504581959485,0.14527920121712026
2789,1425.1991344645048,0.9588568679547645,0.10268267199251127,5.0,31.0,0.0,-1422.2252291018135,-0.155113528198655,0.999788122446496,0.14236627082742534
2790,1425.9206140908273,0.8457694702529525,0.13406260232242445,3.0,15.0,0.0,-1425.5633753415304,-0.1968512061396953,1.0141045422440182,0.1442610945700988
2791,1425.6504104561445,0.8801696260607936,0.11295602182469806,5.0,63.0,0.0,-1423.7314997239741,-0.23011009428674745,1.0199128528311712,0.14164077812388373
2792,1426.7036220270736,0.7528970554904997,0.09999569550055215,3.0,11.0,0.0,-1424.5041192205322,-0.20992017187739317,1.014203047125064,0.14534377316281374
2793,1426.8082708052327,0.9675740170685682,0.10268267199251127,5.0,31.0,0.0,-1424.4649406770836,-0.2325831955491675,1.0213444616301461,0.14563405305122415
2794,1425.2478070516424,0.895467972807942,0.13406260232242445,4.0,27.0,0.0,-1423.6199630879655,-0.24240864279594806,1.027209222776746,0.14389097799801978
2795,1426.6706968724586,0.9502143896560672,0.11295602182469806,5.0,31.0,0.0,-1424.6880595863956,-0.22916233111784629,1.0203963536121767,0.14768242575256504
2796,1426.6258186633568,0.9907766125196252,0.09999569550055215,2.0,7.0,0.0,-1426.3882747794182,-0.20728020490274754,1.0165714953188953,0.1454240529755052
2797,1427.2719573200297,0.998073370022089,0.10268267199251127,5.0,35.0,0.0,-1426.7422981529426,-0.2039602093005219,1.0135480620316375,0.1456987305486735
2798,1425.093304435209,0.859756560223061,0.13406260232242445,5.0,31.0,0.0,-1423.22502389934,-0.23132683105682458,1.0238380675788123,0.14993713004948075
2799,1426.05429776011,0.9748975844045141,0.11295602182469806,4.0,15.0,0.0,-1426.006153642511,-0.2232591529624455,1.0209338753257,0.14917491456604873
2800,1427.1928864870777,0.9995706293807637,0.09999569550055215,3.0,15.0,0.0,-1426.6086663704923,-0.21376124611259617,1.016106266436708,0.14536728447343125
2801,1427.268155283243,0.9926817958264299,0.10268267199251127,3.0,15.0,0.0,-1427.1618156385075,-0.20337173919367374,1.0143304894745993,0.14542110070707934
2802,1424.225516817148,0.9336789251934899,0.13406260232242445,2.0,3.0,0.0,-1424.0761984639055,-0.2365186069854706,1.0208722445929734,0.1502822568872739
2803,1427.0843085132137,0.8953274263176316,0.11295602182469806,4.0,19.0,0.0,-1424.0708655847668,-0.21680391815212188,1.0186007714532412,0.14523371657095388
2804,1426.6707483347611,0.8888242226811606,0.09999569550055215,3.0,15.0,0.0,-1424.6216788964712,-0.2091010250186538,1.016420212344614,0.14845044899778634
2805,1426.7798131931659,0.951513044113819,0.10268267199251127,5.0,43.0,0.0,-1424.7472895144463,-0.17721719526700663,1.006460828153051,0.1453067232444636
2806,1425.9607163610908,0.9908394737075147,0.13406260232242445,2.0,3.0,0.0,-1424.1934728745907,-0.23079656684382943,1.0218655269494281,0.1503406868650108
2807,1426.5827249982067,0.9809980767730635,0.11295602182469806,4.0,31.0,0.0,-1426.0164516881755,-0.2140873631164635,1.0178580893680662,0.14215668122026975
2808,1426.5060736396326,0.9961559238327073,0.09999569550055215,4.0,31.0,0.0,-1425.7112381186432,-0.22394581181371084,1.0199406806901137,0.149286808794712
2809,1426.611640849179,0.8730346983811138,0.10268267199251127,5.0,63.0,0.0,-1424.4540387353452,-0.22140978185304916,1.0202922331410627,0.147446596008996
2810,1426.3091453665947,0.8990757885791507,0.13406260232242445,4.0,15.0,0.0,-1425.1397592643177,-0.21851798640278727,1.017417076831663,0.1496247911100031
2811,1426.4036320966607,0.9447635972204016,0.11295602182469806,5.0,47.0,0.0,-1425.7327693675597,-0.22400674220888697,1.021227392122323,0.14333060244301818
2812,1427.1222809244362,0.8771919813849344,0.09999569550055215,5.0,31.0,0.0,-1425.2251557918696,-0.21086988526337064,1.0158116908076043,0.14749619401219718
2813,1426.8931164348191,0.9967511853966737,0.10268267199251127,3.0,15.0,0.0,-1425.7905168281814,-0.22044714785266292,1.0176423318929513,0.1463244601898781
2814,1425.8991575041828,0.9959086722246882,0.13406260232242445,3.0,15.0,0.0,-1425.495361876132,-0.2160856935579529,1.0183930776622103,0.15053312135703975
2815,1425.2815825933626,0.9487332591486399,0.11295602182469806,4.0,31.0,0.0,-1424.8019097419642,-0.2369912504493099,1.0256067618543687,0.1428643349186205
2816,1425.5134628837404,0.8506230958134444,0.09999569550055215,5.0,31.0,0.0,-1425.216212170529,-0.23601473389524008,1.0254290801323371,0.1464068830021058
2817,1427.1407974719061,0.9266209941607427,0.10268267199251127,4.0,31.0,0.0,-1425.8583098159977,-0.20580140073366027,1.0148637481511316,0.147282007272429
2818,1424.886058136326,0.9934372771737245,0.13406260232242445,5.0,31.0,0.0,-1424.0859974898374,-0.2462484942651142,1.0252023189823734,0.1511281683922892
2819,1425.5411026298764,0.9888351413880998,0.11295602182469806,5.0,63.0,0.0,-1423.7934203876023,-0.1687050460014503,1.0056698775124835,0.1449871081518306
2820,1426.0610820271684,0.9191978043556425,0.09999569550055215,4.0,23.0,0.0,-1424.2798408992742,-0.20865460263211677,1.0134907344397497,0.14807536690701872
2821,1426.4724871007493,0.9696298176008761,0.10268267199251127,4.0,31.0,0.0,-1424.5750362847884,-0.20193735341561364,1.0142309947717048,0.14165996976342887
2822,1425.022616846246,0.9636986679777694,0.13406260232242445,5.0,31.0,0.0,-1424.3722506042009,-0.25101230760103393,1.0261853982583666,0.1498115590607149
2823,1425.8119061110156,0.963193594368011,0.11295602182469806,4.0,19.0,0.0,-1424.7484601149602,-0.19867118546823287,1.014785132835657,0.1450595755488817
2824,1423.6204150560943,0.9791975133771154,0.09999569550055215,5.0,31.0,0.0,-1422.436601886799,-0.13015761680059995,0.9936937810795969,0.14640865353135113
2825,1427.1252830967092,0.9582602315825011,0.10268267199251127,5.0,31.0,0.0,-1424.1934746644754,-0.19763791046218593,1.0117779725614762,0.143853986340598
2826,1425.196009627726,0.7585932448932686,0.13406260232242445,2.0,3.0,0.0,-1422.9013991205472,-0.25111531277541277,1.0261424812356894,0.14914728775689826
2827,1424.3712188603183,0.992189075253095,0.11295602182469806,4.0,23.0,0.0,-1422.9571763127215,-0.2169416963682096,1.015664393658641,0.15179249313003787
2828,1422.638125357096,0.7886909487248517,0.09999569550055215,3.0,11.0,0.0,-1420.4264734723254,-0.13099509910152213,0.9909474441452978,0.14640446017849873
2829,1426.9389373572228,0.9965239123798855,0.10268267199251127,5.0,31.0,0.0,-1426.741115141852,-0.20986588374461357,1.0151532721887253,0.14800262838866624
2830,1426.2569447154835,0.9513589583503858,0.13406260232242445,3.0,11.0,0.0,-1424.641066310304,-0.2445606734815294,1.024552850952414,0.14613169907172854
2831,1424.6089709654464,0.9979744736283146,0.11295602182469806,5.0,31.0,0.0,-1423.6381393594604,-0.24184225318845257,1.0269098186501557,0.14117700623896037
2832,1424.738436323279,0.935929647928381,0.09999569550055215,4.0,15.0,0.0,-1421.8541125560641,-0.1492678693155201,0.9970865638732401,0.1437954243513056
2833,1427.2112843886837,0.9271462957229958,0.10268267199251127,4.0,23.0,0.0,-1425.727080769813,-0.2119256158694947,1.0169725749997953,0.14497287564944145
2834,1425.4142976904907,0.9956006792368463,0.13406260232242445,5.0,31.0,0.0,-1423.869108527975,-0.15366390953418746,0.9988130928841944,0.14654969103215565
2835,1426.535444164111,0.99458845164613,0.11295602182469806,3.0,15.0,0.0,-1422.1144503879486,-0.24016168825824075,1.023479916864548,0.14483948949693537
2836,1425.7285743718,0.8011626734071662,0.09999569550055215,4.0,23.0,0.0,-1421.7170475420646,-0.1986909827184144,1.014861265638301,0.14530466121096255
2837,1426.8576138922128,0.9987457498504255,0.10268267199251127,4.0,31.0,0.0,-1425.370582970488,-0.1815902163317902,1.0076757185715848,0.14662209483200211
2838,1426.3388581966399,0.9401469941338032,0.13406260232242445,5.0,47.0,0.0,-1424.3464316768325,-0.2340830809298418,1.0241666439458528,0.1457774878915151
2839,1426.7418620125432,0.9823840696222733,0.11295602182469806,5.0,31.0,0.0,-1426.1446628625229,-0.2258194599967425,1.019433426862507,0.14766475033529564
2840,1426.6576430060747,0.8754943977572962,0.09999569550055215,4.0,23.0,0.0,-1424.0464789692903,-0.21973561351501353,1.019098797761286,0.148781371580342
2841,1424.7361242096413,0.9567056147002799,0.10268267199251127,5.0,31.0,0.0,-1423.9877507678184,-0.2121633696170814,1.0153008541944937,0.13867763752360848
2842,1426.119891490896,0.9987627024772986,0.13406260232242445,3.0,11.0,0.0,-1425.7960708128278,-0.2437525799386594,1.0240632000264724,0.1450165703992168
2843,1427.0435840878315,0.9801993790644142,0.11295602182469806,4.0,15.0,0.0,-1426.4698328279246,-0.22601618995622832,1.0197022339437654,0.14608003608823114
2844,1426.383552883503,0.9928994220207579,0.09999569550055215,5.0,31.0,0.0,-1425.5472892419152,-0.22180523598941326,1.0187867601315017,0.14123380433579072
2845,1426.3922752500491,0.9757752330654362,0.10268267199251127,5.0,31.0,0.0,-1424.002178860081,-0.19061016352428825,1.0107606360375923,0.14165908359219095
2846,1425.8705066681775,0.9982151889352835,0.13406260232242445,4.0,31.0,0.0,-1423.807636671424,-0.24577656646880783,1.0258124628276875,0.14170379409966083
2847,1426.9770653685555,0.766297410200874,0.11295602182469806,3.0,11.0,0.0,-1425.0088445132567,-0.21727365357991538,1.0189205783239348,0.1453394970315511
2848,1426.2013232761428,0.9996337734153959,0.09999569550055215,5.0,31.0,0.0,-1425.3800178831846,-0.19259395601617402,1.0103916077670676,0.14094717056160866
2849,1426.1417620314098,0.9981082957121017,0.10268267199251127,5.0,63.0,0.0,-1425.0958526882705,-0.2538471773996453,1.027939273223818,0.1459249136252278
2850,1426.8115715924005,0.9995497733251604,0.13406260232242445,3.0,15.0,0.0,-1425.135255277055,-0.23838182531455354,1.0236599338570171,0.14468172154460307
2851,1426.9742411149875,0.9664523759512876,0.11295602182469806,3.0,15.0,0.0,-1426.3164372275899,-0.22649108652391964,1.0196429374289675,0.14563954377984079
2852,1426.1341304819057,0.9088483002640614,0.09999569550055215,5.0,31.0,0.0,-1424.83266711589,-0.20320271186096908,1.0122790268582795,0.14891790640863778
2853,1426.2588502582369,0.953743921616539,0.10268267199251127,4.0,31.0,0.0,-1424.3952765618226,-0.23805944765795325,1.0252072013469704,0.14452996201009746
2854,1425.823060801674,0.8101689523413923,0.13406260232242445,2.0,3.0,0.0,-1425.7144731009128,-0.24027533035589985,1.0226203639860565,0.1445785411192899
2855,1426.9755286924167,0.9994096957152135,0.11295602182469806,3.0,15.0,0.0,-1426.6695240042363,-0.22856131340759733,1.0216456351839853,0.14649250493359675
2856,1425.3164331807523,1.0,0.09999569550055215,3.0,15.0,0.0,-1423.340992764369,-0.2005505185631459,1.0136880038159415,0.15188133261886952
2857,1425.559685690785,0.9582868762685574,0.10268267199251127,3.0,11.0,0.0,-1425.4945848691139,-0.24765113387673723,1.0247962283834595,0.14435173880304583
2858,1426.613184574138,0.9441452775105184,0.13406260232242445,2.0,7.0,0.0,-1425.2217611436827,-0.22970519717794963,1.0227152171936205,0.14530441491362364
2859,1426.546086402942,0.9872225466034519,0.11295602182469806,3.0,11.0,0.0,-1426.2400793180934,-0.23770825297925213,1.0229828983841647,0.14741710722549806
2860,1425.8554287041918,0.9999577056173572,0.09999569550055215,3.0,11.0,0.0,-1425.0538370491254,-0.20427422616159036,1.0134086450459747,0.15085579723843404
2861,1426.1195105162176,0.9849213059463436,0.10268267199251127,5.0,63.0,0.0,-1424.496386269566,-0.18261751952563557,1.0093042600553512,0.14305574089279624
2862,1426.6243994430195,0.9994003474133982,0.13406260232242445,4.0,15.0,0.0,-1426.0933658048198,-0.22423716832043453,1.0194127787170693,0.14880200645168148
2863,1426.3601368977095,0.8766662626734323,0.11295602182469806,3.0,11.0,0.0,-1425.2300428832252,-0.2416075011047292,1.0255387442700987,0.14765621827664624
2864,1425.9227137078249,0.9603755959318545,0.09999569550055215,5.0,63.0,0.0,-1424.034822241154,-0.2061238502515904,1.0153552408555475,0.1507040833261078
2865,1424.0834006624882,0.8607202416491079,0.10268267199251127,2.0,3.0,0.0,-1423.8852270270525,-0.17888683449692497,1.009767988901781,0.14315723671804542
2866,1426.145223201528,0.910537340276639,0.13406260232242445,3.0,9.0,0.0,-1425.333209700679,-0.22496312633841886,1.0201862504384593,0.15018897998689434
2867,1426.6976844468568,0.9446024056782597,0.11295602182469806,4.0,15.0,0.0,-1425.6268937479358,-0.23966222523685812,1.0238766794479615,0.1466224679075603
2868,1426.0204950135353,0.9828574567927232,0.09999569550055215,5.0,31.0,0.0,-1425.6417748643687,-0.20902042936352935,1.01432930507091,0.1500266782926483
2869,1426.854845941832,0.999294953851646,0.10268267199251127,2.0,3.0,0.0,-1423.926184463895,-0.1845227197692307,1.0084726957862424,0.14354334732886143
2870,1425.2772751375169,0.7201571918086647,0.13406260232242445,4.0,19.0,0.0,-1422.8556609137206,-0.22338406719076193,1.0220051548896303,0.1430545803648756
2871,1426.049471874184,0.9867805909577406,0.11295602182469806,5.0,31.0,0.0,-1425.2002887538426,-0.16476231233386635,1.0019967506738134,0.146344003409099
2872,1426.9391787853901,0.9974106605311496,0.09999569550055215,4.0,31.0,0.0,-1425.4418181821359,-0.1996874498844766,1.012389209226964,0.14798323381409878
2873,1425.7741400016644,0.9506939996845001,0.10268267199251127,5.0,31.0,0.0,-1425.2918469907497,-0.16677153243803586,1.0040823575266316,0.14852534396714082
2874,1423.6084194474702,0.695587750772475,0.13406260232242445,4.0,23.0,0.0,-1419.9438213577805,-0.2424864911205195,1.0229327250328204,0.1520491044606539
2875,1426.2108865297803,0.8599607537741334,0.11295602182469806,3.0,15.0,0.0,-1422.7430479356312,-0.1762105595485971,1.004670940467858,0.14573368709335277
2876,1426.9435243115167,0.977537606807696,0.09999569550055215,2.0,3.0,0.0,-1426.778321696746,-0.19801963263513514,1.0127225231063286,0.14787023159802615
2877,1426.7215362368393,0.9408654399676821,0.10268267199251127,5.0,63.0,0.0,-1424.952715402607,-0.23522616762414914,1.022226685924888,0.14419439529375674
2878,1423.1733532326114,0.9755971526672552,0.13406260232242445,2.0,3.0,0.0,-1422.9987092985875,-0.2355386525684203,1.0256156101314267,0.15233672237116108
2879,1423.7593274295084,0.9967405921792583,0.11295602182469806,4.0,15.0,0.0,-1422.9967072015288,-0.15417334328582724,0.9996461514279992,0.13945742465029756
2880,1425.667905520239,0.9563345827495345,0.09999569550055215,4.0,31.0,0.0,-1421.5977790037464,-0.2621238962479838,1.0309253435765664,0.1445897425727984
2881,1426.4985612568978,0.9657635191659597,0.10268267199251127,4.0,31.0,0.0,-1424.8106054874597,-0.22185013717664367,1.0181181231800944,0.14855614834259767
2882,1426.8468310842022,1.0,0.13406260232242445,4.0,15.0,0.0,-1423.2019708624982,-0.21067451266114848,1.0147892640680283,0.14706736751009797
2883,1426.5435766566657,0.975235340999556,0.11295602182469806,5.0,31.0,0.0,-1421.5017756375626,-0.2061430603435106,1.0149314224807182,0.14135929312763304
2884,1425.2159794842858,0.828313590302457,0.09999569550055215,5.0,63.0,0.0,-1423.8459397080253,-0.1679780481783738,1.0016752700846006,0.14668448777871826
2885,1426.4706434594652,0.9693236456621703,0.10268267199251127,4.0,31.0,0.0,-1425.0370968037162,-0.21996744504463453,1.0202518024363096,0.14645394380872584
2886,1426.9941592924972,1.0,0.13406260232242445,2.0,3.0,0.0,-1426.8204348347633,-0.21019828495930085,1.0148860051240063,0.1469732303609006
2887,1426.8329574197612,0.9970349459364474,0.11295602182469806,4.0,15.0,0.0,-1426.3097576652194,-0.20253722338769778,1.0131841345219512,0.14231207324775957
2888,1426.7575842076542,0.9821319649870311,0.09999569550055215,5.0,31.0,0.0,-1424.9147661590391,-0.21135312654526442,1.0148707444728136,0.14714803226008974
2889,1426.436193393484,0.9977111917893161,0.10268267199251127,2.0,3.0,0.0,-1426.197887706682,-0.2206927958618507,1.0204939814655645,0.1463829814065586
2890,1426.6492792168578,0.8848496349722212,0.13406260232242445,5.0,31.0,0.0,-1425.4035327462423,-0.24156768745635204,1.025264092991369,0.1461874549623419
2891,1426.855632441149,0.9960189496251762,0.11295602182469806,5.0,31.0,0.0,-1425.9292889054752,-0.22982258320091922,1.0209907936812084,0.14339638034698202
2892,1426.6793566211109,0.9934186515381359,0.09999569550055215,2.0,3.0,0.0,-1426.5306049332107,-0.20980565522333466,1.0170463444142148,0.14722641392286645
2893,1427.1463361655665,0.9785795513799912,0.10268267199251127,2.0,3.0,0.0,-1426.2536706442902,-0.2217937664353686,1.019604007727385,0.14632286873624248
2894,1424.372257647709,0.7021451049383661,0.13406260232242445,4.0,19.0,0.0,-1423.3622616796702,-0.2269707331333924,1.0237524596535714,0.14493787349390388
2895,1425.9062065778603,0.9889198670368408,0.11295602182469806,4.0,31.0,0.0,-1425.495917181242,-0.2282308281374441,1.0203879019962008,0.15040368888834996
2896,1427.1334271275532,1.0,0.09999569550055215,2.0,3.0,0.0,-1426.74217601822,-0.21056996903539638,1.0163400988097377,0.14721338255978975
2897,1427.2275644823435,0.9999759862723198,0.10268267199251127,5.0,39.0,0.0,-1426.9385932364783,-0.19841111979577422,1.0119710791382188,0.1449688269555881
2898,1425.933389639662,1.0,0.13406260232242445,2.0,3.0,0.0,-1424.737213023424,-0.23264140694728552,1.0202778323218575,0.14499345169732922
2899,1425.4184916602783,0.8948409931466355,0.11295602182469806,2.0,7.0,0.0,-1424.7093358140394,-0.22523010961630535,1.0220107384056738,0.14962513629267588
2900,1425.29928721476,0.8016804758001086,0.09999569550055215,4.0,27.0,0.0,-1424.522040874417,-0.20469179813537616,1.0117278251079684,0.1481381415672531
2901,1427.2261235652004,0.9996973663673548,0.10268267199251127,5.0,63.0,0.0,-1427.1493132833552,-0.21163079483485392,1.0166583252124346,0.14651248803564304
2902,1426.5847100296098,0.9958259693953313,0.13406260232242445,5.0,31.0,0.0,-1425.1544848279693,-0.1762943032725758,1.0067553826729554,0.14631081737023863
2903,1426.3288089299235,0.992958860228659,0.11295602182469806,5.0,31.0,0.0,-1425.1151325949634,-0.22892061177254625,1.0215372398975078,0.1414609289197658
2904,1426.37725622945,0.8340858419431035,0.09999569550055215,3.0,15.0,0.0,-1423.0998041601204,-0.21466374796953733,1.0153781373121238,0.1471817457500186
2905,1426.741460882258,0.615301294386908,0.10268267199251127,3.0,15.0,0.0,-1422.3511201988313,-0.21037631214115132,1.017037065720925,0.14327440884645518
2906,1426.8961527751248,0.8240535796863946,0.13406260232242445,5.0,31.0,0.0,-1425.297659096834,-0.22354691943269087,1.0185809439849363,0.14605892492882505
2907,1427.1499921921977,0.8126062766688091,0.11295602182469806,4.0,27.0,0.0,-1424.9957265692728,-0.20319906094453988,1.0139287037887124,0.14729404211014893
2908,1426.5129471609378,0.9950215812277204,0.09999569550055215,5.0,31.0,0.0,-1424.998899246281,-0.22823665900163367,1.020387674984881,0.14876545697558421
2909,1425.304904762708,0.9989826980389077,0.10268267199251127,5.0,31.0,0.0,-1424.820445526089,-0.2465900333632736,1.0257774543866773,0.14061323119957478
2910,1425.8376363204552,0.9731918327267103,0.13406260232242445,4.0,23.0,0.0,-1424.9872425045319,-0.2283859225203715,1.0224203876109297,0.14155761864588937
2911,1424.8038655844036,0.6639082315883865,0.11295602182469806,2.0,3.0,0.0,-1423.7065911463212,-0.20125743001714036,1.0161312010478287,0.1475858740057673
2912,1425.9007263704011,0.9439508990661218,0.09999569550055215,5.0,47.0,0.0,-1423.6892359410162,-0.16728148407649457,1.0022110270796487,0.14604548404144846
2913,1425.7493481468377,0.9957046579037658,0.10268267199251127,2.0,7.0,0.0,-1425.056532144709,-0.24271529212681456,1.0258314382491838,0.14140436279014484
2914,1424.1584547447706,0.681675388265465,0.13406260232242445,1.0,3.0,0.0,-1423.9106765246602,-0.22615593868932704,1.023231118328993,0.1417961136344041
2915,1425.8436794061251,0.9994622044998197,0.11295602182469806,4.0,23.0,0.0,-1423.865449917804,-0.18426521655005357,1.009504031333089,0.14964115390523147
2916,1425.716102741085,1.0,0.09999569550055215,4.0,15.0,0.0,-1425.3047138178579,-0.16081987363554276,1.001711738188199,0.14817547862683092
2917,1425.408281213532,0.9995423501049463,0.10268267199251127,5.0,31.0,0.0,-1423.7360607884166,-0.21009808216658588,1.0152667363167227,0.13926522910395814
2918,1423.316103871932,0.9808510971137849,0.13406260232242445,3.0,11.0,0.0,-1421.7613450654778,-0.23281014956495993,1.0194355165527498,0.14036531573676903
2919,1426.3858889087892,0.9999122697229582,0.11295602182469806,2.0,7.0,0.0,-1425.558931130227,-0.18927530825583125,1.0090147095183362,0.1489443901252299
2920,1425.4739931838171,0.9379258578285056,0.09999569550055215,3.0,7.0,0.0,-1425.2876406207813,-0.16639640474165537,1.0018709981977865,0.14824714504485964
2921,1427.28213546038,0.9881646149529808,0.10268267199251127,4.0,27.0,0.0,-1424.4173214851403,-0.21056844043466175,1.0163806794363297,0.14501376269939184
2922,1426.7645007503563,0.9997969460089913,0.13406260232242445,3.0,15.0,0.0,-1422.7474554635282,-0.23107477187073722,1.0211212685405777,0.1434693805478823
2923,1426.857121574318,0.9980726453232187,0.11295602182469806,5.0,31.0,0.0,-1425.9023691248744,-0.20156634693478273,1.012549413596113,0.14789172578748583
2924,1427.211547131038,0.9998462323462574,0.09999569550055215,4.0,31.0,0.0,-1423.646566402647,-0.2014626859774322,1.0127524488508763,0.14610020868169463
2925,1427.214646966063,0.9815063365999176,0.10268267199251127,4.0,23.0,0.0,-1426.8131294275174,-0.2112336181347029,1.0155689454861065,0.14426570271993125
2926,1426.7726222928004,0.9622357500056311,0.13406260232242445,4.0,31.0,0.0,-1426.2313855122286,-0.20972907052794432,1.0169315578862443,0.1437481953656809
2927,1426.8162329892214,0.9291619167481118,0.11295602182469806,5.0,63.0,0.0,-1425.894521061656,-0.18541150107704188,1.0080095620705307,0.14681310180914686
2928,1426.7920246844487,0.9204657152820488,0.09999569550055215,4.0,23.0,0.0,-1426.0892750159178,-0.2368949474747669,1.022979183745405,0.14635337396124437
2929,1426.0472244409596,0.9690343886023297,0.10268267199251127,5.0,31.0,0.0,-1425.8287425516821,-0.24910161931284336,1.0281051123688016,0.14506850267813384
2930,1426.2301748421212,0.9559982672063994,0.13406260232242445,2.0,7.0,0.0,-1425.996236098155,-0.2142465449434394,1.0152307617953198,0.1431210921952502
2931,1425.5365679937656,0.9885214349081639,0.11295602182469806,4.0,31.0,0.0,-1424.387279168513,-0.19424040015134794,1.0116919808757823,0.13966508218180723
2932,1425.189028031354,0.8203012933976019,0.09999569550055215,3.0,11.0,0.0,-1424.5269666830384,-0.2533088970444797,1.0262809145466036,0.14647089745246553
2933,1426.0193099095206,0.7963047202187804,0.10268267199251127,2.0,3.0,0.0,-1424.1028399841844,-0.249549810715339,1.0259216815073104,0.14553577537904502
2934,1425.0068822372598,0.470176114199367,0.13406260232242445,2.0,3.0,0.0,-1422.9366111756294,-0.20720456313792915,1.0175795509607328,0.14275894216075977
2935,1427.179666473674,0.9980529485382755,0.11295602182469806,3.0,15.0,0.0,-1423.6580907884093,-0.19833051084166392,1.0126330867988236,0.1439333721302525
2936,1426.4027942946946,0.9868211452351602,0.09999569550055215,2.0,3.0,0.0,-1425.177954929891,-0.24774274235205954,1.0270078535666036,0.1462325287459941
2937,1425.1685526544843,0.7940501421566264,0.10268267199251127,2.0,3.0,0.0,-1423.818432100652,-0.2514831922670712,1.025628070979456,0.14539418009822724
2938,1425.3663251749524,0.8933102457252045,0.13406260232242445,4.0,19.0,0.0,-1423.154713966959,-0.23275259051844896,1.0244236028319957,0.14836367739378423
2939,1425.070021816884,0.7991097466009259,0.11295602182469806,4.0,31.0,0.0,-1421.7064163847583,-0.24793639375816576,1.0243929638231475,0.1452436120813538
2940,1425.7345993888275,0.9914803782059717,0.09999569550055215,5.0,31.0,0.0,-1425.3959072950213,-0.2564204431932533,1.0287380498472993,0.14306474047420473
2941,1425.0895653738833,1.0,0.10268267199251127,2.0,7.0,0.0,-1424.8513785226467,-0.24616086428509162,1.0283982868723978,0.14607611374217266
2942,1424.2388620988809,0.8113245773100247,0.13406260232242445,4.0,23.0,0.0,-1423.1293172124667,-0.22013567549156307,1.0219401788686833,0.14631088162585665
2943,1425.0750735943502,0.9963247414538111,0.11295602182469806,5.0,31.0,0.0,-1424.1019191089179,-0.24086868589445282,1.0269318396769036,0.14377685042392727
2944,1426.4454006197423,0.9547993097386677,0.09999569550055215,4.0,15.0,0.0,-1425.3125524761529,-0.23360269602346456,1.0235989174363145,0.1432696729751749
2945,1426.7551782394735,0.9219998362948028,0.10268267199251127,4.0,19.0,0.0,-1423.0442327693834,-0.23109901541873112,1.020753023368136,0.14507247410668622
2946,1427.1514828249235,0.9705343847756135,0.13406260232242445,2.0,3.0,0.0,-1424.365537998322,-0.22606987598480685,1.0202066661411768,0.14604556612527075
2947,1423.29456077861,0.881411608595395,0.11295602182469806,5.0,31.0,0.0,-1421.647190802848,-0.16648426098838714,1.005728895286808,0.1512132697879071
2948,1426.8763836263772,0.903389439275374,0.09999569550055215,6.0,63.0,0.0,-1425.539163267064,-0.1801695913873682,1.007208372510803,0.14583114856586832
2949,1427.0074771481736,0.9408901726959691,0.10268267199251127,2.0,7.0,0.0,-1426.287733846661,-0.22806564974839433,1.021607604903231,0.14521221613647717
2950,1427.2646150251433,0.9156510022759896,0.13406260232242445,4.0,31.0,0.0,-1426.320726401843,-0.219246113827337,1.0181321219694024,0.14564214966474176
2951,1422.1508925120802,0.8733774523187797,0.11295602182469806,2.0,7.0,0.0,-1421.052246083975,-0.16561338481494478,1.0063504163787176,0.15073545496594173
2952,1426.2432115607412,0.9324907301192734,0.09999569550055215,4.0,15.0,0.0,-1426.1591967387506,-0.1788398235497952,1.0053749943227908,0.14476406453445556
2953,1427.248504385338,0.9995837595268594,0.10268267199251127,4.0,29.0,0.0,-1425.9115713861866,-0.20717679117056484,1.0154974383728808,0.14481674446380102
2954,1426.9834564108394,0.9965250736682096,0.13406260232242445,4.0,15.0,0.0,-1426.9311866362304,-0.21642312042062245,1.0173378662828392,0.14795930557395318
2955,1425.5533090553947,0.8888663936936194,0.11295602182469806,5.0,31.0,0.0,-1420.9084630415184,-0.1964298297329606,1.010383351700343,0.140714321218571
2956,1426.6324861042124,0.9990067556221581,0.09999569550055215,5.0,63.0,0.0,-1425.6536338593035,-0.22850928904811998,1.020424405763875,0.1482728758123131
2957,1427.1455159451027,0.9897933346790393,0.10268267199251127,4.0,23.0,0.0,-1426.4877060180452,-0.2105496402859424,1.0158783439565957,0.147426311667448
2958,1426.927158435748,0.9751050100157254,0.13406260232242445,4.0,15.0,0.0,-1426.6681360181665,-0.2160598755289264,1.0182938054087258,0.14748527427321872
2959,1426.8730627927587,0.9969311023530115,0.11295602182469806,4.0,31.0,0.0,-1423.3102193180882,-0.19676371049641495,1.010798907518638,0.1461419579399214
2960,1427.231545770081,0.9780592597281896,0.09999569550055215,4.0,31.0,0.0,-1426.3482441611939,-0.21493412984196067,1.0170466234841906,0.14675352974875805
2961,1426.8259620790766,0.9856006187453453,0.10268267199251127,4.0,31.0,0.0,-1425.8286523610316,-0.18013200254283776,1.0067215342041151,0.1453023146844433
2962,1425.1685425312075,0.4730081857661176,0.13406260232242445,2.0,7.0,0.0,-1421.995778288325,-0.20668625368851298,1.017510932530749,0.1471844661462478
2963,1426.658241019268,0.9596788185710469,0.11295602182469806,4.0,31.0,0.0,-1426.1710373891235,-0.1876649389840842,1.0105261295517274,0.14638008763793064
2964,1425.5091373357545,0.8512490653893168,0.09999569550055215,4.0,31.0,0.0,-1424.776132527315,-0.2332896961427429,1.0245236626384098,0.14795880378993229
2965,1425.0175597008738,0.5831979178324774,0.10268267199251127,2.0,3.0,0.0,-1424.0061881697416,-0.17615492804035535,1.0085173534994631,0.14539421107492398
2966,1425.8645690320866,0.9652633355870571,0.13406260232242445,2.0,3.0,0.0,-1424.5363447402392,-0.22071918341156666,1.0167148723111432,0.14739691969129395
2967,1426.5178862216662,0.9989524134575319,0.11295602182469806,5.0,39.0,0.0,-1426.099203135791,-0.23622248529821313,1.024425113465074,0.14468871819165352
2968,1425.4698481072555,0.9786849519112506,0.09999569550055215,5.0,31.0,0.0,-1424.3745097791282,-0.17611927511707748,1.0077566074147393,0.14255183787606177
2969,1424.1856921472593,0.9913745503748044,0.10268267199251127,5.0,39.0,0.0,-1423.1378064859002,-0.20890223365774588,1.018082282072791,0.14071726785350927
2970,1427.0415223687908,0.9699900763838809,0.13406260232242445,4.0,23.0,0.0,-1425.3506957416898,-0.20309764724474788,1.0133931722538363,0.1430482590846353
2971,1426.2493091951,0.892558894971213,0.11295602182469806,4.0,23.0,0.0,-1424.093860097562,-0.2182534284662772,1.0176366995423112,0.15003182710627783
2972,1423.7775391675234,0.7941169667429624,0.09999569550055215,5.0,31.0,0.0,-1421.7960157671826,-0.1437121733171317,0.9987512574037128,0.14654020510699778
2973,1425.8243366874196,0.9999241194713808,0.10268267199251127,5.0,47.0,0.0,-1423.4588955913018,-0.18864822793010674,1.0102715465470191,0.14052307676782685
2974,1427.103478191926,0.8160832729536351,0.13406260232242445,2.0,3.0,0.0,-1425.947169875898,-0.20318618696585866,1.0132012858379675,0.143677309305927
2975,1424.1686799443853,0.8412939459434112,0.11295602182469806,5.0,31.0,0.0,-1422.2328976428287,-0.27976378540899116,1.0352771569411203,0.1434893793391363
2976,1424.5401547896236,1.0,0.09999569550055215,1.0,1.0,0.0,-1423.8761344834832,-0.1448199191225045,0.9983296049739062,0.14643656710908562
2977,1424.062491598201,0.744638503633957,0.10268267199251127,2.0,7.0,0.0,-1422.3893612253107,-0.18657300014617972,1.0111596857419896,0.13969694709445535
2978,1426.3896669023063,0.8349979321024971,0.13406260232242445,3.0,11.0,0.0,-1425.4494682470345,-0.20124363763039252,1.0150186355446549,0.14459977921367528
2979,1424.0722781437648,0.9508845012529853,0.11295602182469806,2.0,3.0,0.0,-1423.6918726690187,-0.27795498133583346,1.0364103197167693,0.14390032381512696
2980,1425.5456820440315,0.9396280420275489,0.09999569550055215,5.0,31.0,0.0,-1423.469330362848,-0.17592498375809903,1.0042432985305945,0.14832841878122935
2981,1425.3024698689578,0.9998663245765768,0.10268267199251127,3.0,7.0,0.0,-1424.2120831840655,-0.1875543485826175,1.0101763292257628,0.13979582328440127
2982,1427.1451491679877,1.0,0.13406260232242445,4.0,23.0,0.0,-1425.792271867912,-0.2266165370837561,1.0202491413550123,0.1456762410840623
2983,1425.1502074820594,0.9815174437754717,0.11295602182469806,5.0,47.0,0.0,-1422.2787088233904,-0.1618816333622186,1.0026495400068256,0.1497658490325511
2984,1425.8850708581906,0.8061313838059535,0.09999569550055215,2.0,3.0,0.0,-1423.6689187889988,-0.17300453459195467,1.0063417381836361,0.14816286277845295
2985,1426.76334792242,0.943941232743303,0.10268267199251127,5.0,31.0,0.0,-1424.411952591202,-0.21056623154334808,1.014969571854174,0.14271951105790426
2986,1426.9301844978913,0.9853350914863176,0.13406260232242445,5.0,31.0,0.0,-1426.7145889886513,-0.21795077597573378,1.018489346149517,0.1428053500673631
2987,1425.6687909260895,0.7630281557818188,0.11295602182469806,2.0,7.0,0.0,-1423.2294843977775,-0.16614244335035808,1.0023112709645847,0.1486275182290308
2988,1426.5566849915745,0.9926966338953599,0.09999569550055215,6.0,63.0,0.0,-1424.7395870359628,-0.1868024731715993,1.0078228324609626,0.1442205415248873
2989,1427.1983095697863,0.9573370565531893,0.10268267199251127,4.0,27.0,0.0,-1425.6653509450175,-0.20410742608001037,1.013501693948297,0.14426196787264084
2990,1425.9861919882978,0.9942023170974913,0.13406260232242445,4.0,31.0,0.0,-1424.8168955573883,-0.2568809848359532,1.0295793504324084,0.1452861218164779
2991,1427.1922198580646,0.8954883510719662,0.11295602182469806,5.0,31.0,0.0,-1424.453065767784,-0.2183682707123225,1.0175866695610782,0.1459808840697168
2992,1426.562733245462,1.0,0.09999569550055215,6.0,63.0,0.0,-1425.368765886244,-0.1810113854023057,1.0063191357291552,0.14511691590396975
2993,1426.9427907240495,0.9596344649924362,0.10268267199251127,5.0,35.0,0.0,-1426.5692688950076,-0.2195842786582152,1.0195660628203542,0.14474270212797852
2994,1424.9104700086352,0.82264670603245,0.13406260232242445,5.0,31.0,0.0,-1424.2497298169387,-0.2462731152696099,1.0282854232180372,0.14844216217285228
2995,1427.1911046746056,0.9702161151959278,0.11295602182469806,3.0,11.0,0.0,-1426.8884961093604,-0.21883021678415351,1.017809840682688,0.1462779223419935
2996,1426.5529659133413,0.9999530502038407,0.09999569550055215,5.0,63.0,0.0,-1426.1281283822752,-0.1860919188043869,1.0096715136096852,0.14277826925166087
2997,1426.3639032776614,0.9502551728583514,0.10268267199251127,3.0,15.0,0.0,-1426.1168799897,-0.21886991819605053,1.016535223095848,0.14427880124538625
2998,1426.170122914717,0.9994720828207438,0.13406260232242445,5.0,31.0,0.0,-1423.4515667412027,-0.198978793168079,1.0116956919194056,0.14985407079898644
2999,1424.1196956422648,0.8210212791567054,0.11295602182469806,4.0,31.0,0.0,-1423.913576224454,-0.2288254948221526,1.0236079867175891,0.15102473339110642
3000,1425.72989632793,0.9401833585288683,0.09999569550055215,3.0,11.0,0.0,-1425.3907941508705,-0.18766028122822673,1.0078628847046969,0.14152880362652875
3001,1427.0233919328268,0.9994555884636862,0.10268267199251127,5.0,47.0,0.0,-1426.1102945007192,-0.18622090320778734,1.009224465241469,0.1448438245228111
3002,1425.1548654837222,0.8858827196421264,0.13406260232242445,2.0,3.0,0.0,-1425.0882723241882,-0.20175944575707688,1.0112417363477073,0.1499587979105326
3003,1425.8950974935367,0.9977643060074527,0.11295602182469806,5.0,31.0,0.0,-1422.9816150956499,-0.2577813263916496,1.028960853470955,0.1449159902262017
3004,1425.756482349493,0.8336369683445034,0.09999569550055215,2.0,7.0,0.0,-1423.777653488335,-0.18168001747571808,1.0067747937088698,0.14098286228448564
3005,1427.2354426741992,0.9934669540954262,0.10268267199251127,4.0,31.0,0.0,-1425.8290974715794,-0.20721404439547947,1.0153956732866567,0.14423194211339796
3006,1426.4064797026388,0.7607268721088095,0.13406260232242445,2.0,7.0,0.0,-1422.9015239525606,-0.20188234029685664,1.0122948728817749,0.14890806917071445
3007,1426.7397275357985,1.0,0.11295602182469806,5.0,31.0,0.0,-1425.7293581823744,-0.23482090833729355,1.0223517992178373,0.1436271731704457
3008,1424.7043509929704,0.8923522408971465,0.09999569550055215,4.0,15.0,0.0,-1422.95580561931,-0.2044521478141113,1.013814381392858,0.1382134617882187
3009,1426.8679421247339,0.9922784674359404,0.10268267199251127,4.0,31.0,0.0,-1426.5072192973435,-0.21001674222221267,1.0164321361284676,0.14265674069153994
3010,1425.9071269860913,0.8066566073856631,0.13406260232242445,3.0,11.0,0.0,-1424.4577574276284,-0.2132497424033235,1.0144278786902539,0.14609923128155367
3011,1425.9300508389888,0.9960288784077819,0.11295602182469806,4.0,31.0,0.0,-1425.8151764467295,-0.23996757558034296,1.0248064265015195,0.14138173995047587
3012,1425.3160882468426,0.7242882006976752,0.09999569550055215,5.0,31.0,0.0,-1422.3426364905542,-0.18496124985247653,1.0081463066731078,0.15151934795419628
3013,1425.8347497955106,0.8251191703732572,0.10268267199251127,2.0,3.0,0.0,-1425.7444770347681,-0.21275506726127144,1.0145414672257396,0.1426470806321438
3014,1425.170365881754,0.8848196801191411,0.13406260232242445,3.0,15.0,0.0,-1423.277338099611,-0.19861082660727575,1.0149274931197143,0.14868736352466058
3015,1426.0189766218539,0.9971964641969852,0.11295602182469806,5.0,31.0,0.0,-1425.0795074384332,-0.24498138901941202,1.0260446974396649,0.14896039378783238
3016,1425.6732709591327,0.9905676772772699,0.09999569550055215,5.0,31.0,0.0,-1425.0128343854356,-0.2335212639547141,1.022976253368479,0.14036527443846705
3017,1423.735508911627,0.9993301275350924,0.10268267199251127,4.0,31.0,0.0,-1420.2836169161203,-0.24736309253573563,1.0245967932198023,0.13963727168434317
3018,1424.4153453896351,0.9611324619193856,0.13406260232242445,2.0,7.0,0.0,-1423.7692962926574,-0.2129055970524023,1.0137953146116838,0.1497443557927191
3019,1425.6328530050157,0.996469280557739,0.11295602182469806,3.0,15.0,0.0,-1425.4575005935847,-0.24993586315189217,1.0271759243155243,0.14954536549332087
3020,1427.32394262673,0.9629137643214499,0.09999569550055215,4.0,27.0,0.0,-1423.621740632823,-0.20257017672297653,1.013618194759406,0.14497262506646505
3021,1425.0816176738208,1.0,0.10268267199251127,2.0,3.0,0.0,-1423.8433445257408,-0.24353747926421535,1.0258259683460578,0.13993910533937265
3022,1425.8351910116583,0.7630491200428939,0.13406260232242445,5.0,31.0,0.0,-1421.176730810855,-0.23426751015753275,1.0218087693844329,0.14993428598155195
3023,1424.894269726717,0.9879718390918493,0.11295602182469806,5.0,63.0,0.0,-1423.3286899088876,-0.15044074784067132,0.997854336445804,0.1429890117174997
3024,1427.1243699757447,0.9949149278689453,0.09999569550055215,4.0,31.0,0.0,-1426.9149196731828,-0.21603666379562736,1.0173444629038126,0.14736740900057105
3025,1425.3920730523512,0.9500555750362892,0.10268267199251127,5.0,31.0,0.0,-1424.3889919995593,-0.19537802815253721,1.0114323503424116,0.15183161889197094
3026,1424.6057539923054,0.9015645714990066,0.13406260232242445,5.0,31.0,0.0,-1423.4318462619838,-0.1712558861798312,1.003011660709849,0.1406237114903847
3027,1426.8904683996761,0.9249708474327767,0.11295602182469806,5.0,31.0,0.0,-1423.7543546343345,-0.2143570743746724,1.015947352004151,0.1436941214498794
3028,1426.097021279615,0.8146370967330251,0.09999569550055215,4.0,27.0,0.0,-1424.4968614693325,-0.21177530882586465,1.0143294022357605,0.1476144934907032
3029,1426.3749113221165,0.9973811402103644,0.10268267199251127,5.0,31.0,0.0,-1424.7113951025203,-0.18498919379549786,1.0081771410395801,0.14904867613194886
3030,1422.4977544710182,0.8298634412943348,0.13406260232242445,4.0,15.0,0.0,-1422.081010016935,-0.1643566530098329,0.9999856584867752,0.13989034501861403
3031,1425.0445765789261,0.7071759710380896,0.11295602182469806,4.0,19.0,0.0,-1423.0991985951205,-0.16213695055674518,1.0039131051599888,0.14677738090171477
3032,1426.726228121638,0.9994994035777846,0.09999569550055215,3.0,11.0,0.0,-1425.8046632271503,-0.20998047516041335,1.0163131581190856,0.14875674055203023
3033,1425.664265219852,0.84521997535024,0.10268267199251127,3.0,15.0,0.0,-1424.0028730457757,-0.18011606894368326,1.007858563869952,0.1503430943884205
3034,1424.9800336445796,0.7245366462478415,0.13406260232242445,2.0,3.0,0.0,-1419.9935453112823,-0.1650616720046758,1.0030679357604053,0.1404465000392729
3035,1425.61165843934,0.8247505454171887,0.11295602182469806,2.0,3.0,0.0,-1423.1958163093059,-0.15962345036711056,1.0023163701937323,0.1468007165559254
3036,1427.045745426315,0.9949359646806614,0.09999569550055215,5.0,31.0,0.0,-1426.1519811642456,-0.22428943497449255,1.0194594413947113,0.14700101743246333
3037,1426.4232667444278,0.9719881408776059,0.10268267199251127,3.0,15.0,0.0,-1424.4543537749096,-0.18542618049722875,1.0098710041542462,0.14766030025900853
3038,1425.2849834639173,0.9964861771530286,0.13406260232242445,5.0,31.0,0.0,-1423.141360216656,-0.19233309133597062,1.011124986251493,0.1393064914598877
3039,1425.5717884781786,0.9985682087772245,0.11295602182469806,5.0,31.0,0.0,-1424.1132043679324,-0.18452603732558917,1.009563448352096,0.14075174524695258
3040,1426.577161472298,0.9857853042821825,0.09999569550055215,5.0,31.0,0.0,-1425.8444587110455,-0.20680706500888002,1.0155879400254169,0.14901592416968595
3041,1426.3660919103932,0.9835236467475558,0.10268267199251127,5.0,63.0,0.0,-1425.2334528015401,-0.2156331293459597,1.0176192416491496,0.14990406690716332
3042,1426.84215427405,0.958866074694324,0.13406260232242445,4.0,29.0,0.0,-1423.9190988043886,-0.22559776606442036,1.0212063761293915,0.1441446985325137
3043,1424.1607918719212,0.7277736470902537,0.11295602182469806,2.0,3.0,0.0,-1423.9065866027954,-0.1928812936930452,1.0082256258789157,0.14083403426456617
3044,1425.3435906226875,0.7633890118367286,0.09999569550055215,5.0,63.0,0.0,-1422.5597488793671,-0.18813465095449558,1.0118632097283802,0.14747506929719795
3045,1426.4651500574491,0.9861349169730913,0.10268267199251127,5.0,31.0,0.0,-1424.9646641560616,-0.24006628341696945,1.0243554764495044,0.1428146585414257
3046,1426.0085594190255,0.8690368452899566,0.13406260232242445,3.0,11.0,0.0,-1425.652170377948,-0.23100516614913053,1.0236624236689298,0.14441914995570326
3047,1425.4491917762914,0.9705347969598699,0.11295602182469806,4.0,31.0,0.0,-1422.923285852463,-0.20021457414736882,1.014820661550636,0.14129352072122198
3048,1425.2138804201372,0.9814880805899237,0.09999569550055215,2.0,3.0,0.0,-1424.6473801825298,-0.19722535838491584,1.0094270147874707,0.1470189526301199
3049,1426.725627353434,0.997476222672185,0.10268267199251127,4.0,15.0,0.0,-1426.3990285312307,-0.23811594563616612,1.0240731718585343,0.14385574533324316
3050,1426.7912224620147,0.8812078119512238,0.13406260232242445,2.0,7.0,0.0,-1425.026822118482,-0.23804352832255735,1.0240543884890534,0.14436550088519204
3051,1425.7160723152783,0.9975537924596395,0.11295602182469806,5.0,63.0,0.0,-1424.7293158511338,-0.23499725550682127,1.0250133854027599,0.14600807015670117
3052,1425.7865296641066,0.7827338571773307,0.09999569550055215,2.0,3.0,0.0,-1421.83259887613,-0.19640659572853122,1.0139764843981274,0.14762882430865343
3053,1426.4664499211485,0.9663194730008018,0.10268267199251127,5.0,31.0,0.0,-1426.3037205871458,-0.2386335001089495,1.0250635450615695,0.14461166245785917
3054,1425.7005572415553,0.9023916409750314,0.13406260232242445,4.0,19.0,0.0,-1424.352118324208,-0.2581888400247338,1.0305166716625054,0.14521376352950982
3055,1425.7790822099896,0.9873996685848229,0.11295602182469806,5.0,31.0,0.0,-1425.0025346924426,-0.21884823162612582,1.0201107978132677,0.14204029796874895
3056,1425.0357227011023,0.9895880329584498,0.09999569550055215,4.0,23.0,0.0,-1423.2847987957073,-0.20357770810796008,1.0117064825915434,0.1411497331413512
3057,1426.5705677267097,0.936409665507762,0.10268267199251127,5.0,39.0,0.0,-1424.2199135840744,-0.19364307978147013,1.0095499582178897,0.14605295187428427
3058,1425.1495932711593,0.9870534706189709,0.13406260232242445,5.0,31.0,0.0,-1424.8465487200885,-0.26373901304987524,1.030559148033852,0.1428062785254171
3059,1425.9144847403227,0.9660129918919488,0.11295602182469806,5.0,31.0,0.0,-1424.5957170317179,-0.22161705757128428,1.0176904105312945,0.14963826246827655
3060,1424.0028143980105,0.999573751700134,0.09999569550055215,4.0,31.0,0.0,-1422.383482955408,-0.22310828312674924,1.0178818185251013,0.13847529459178567
3061,1426.0608896592546,0.9960952846342521,0.10268267199251127,5.0,31.0,0.0,-1425.7545793899887,-0.20651406267932,1.0162405030584474,0.14175610729282492
3062,1422.974738441803,0.6821859000024757,0.13406260232242445,2.0,7.0,0.0,-1422.0134172430392,-0.2648584337162537,1.0286651945446368,0.14315321358962113
3063,1426.2367553058962,0.9995747447590274,0.11295602182469806,2.0,7.0,0.0,-1425.705931774539,-0.2172203790326184,1.0192445918270723,0.1487319413721855
3064,1426.16040524239,0.9998315710185832,0.09999569550055215,5.0,31.0,0.0,-1423.5184391559744,-0.1853355037879673,1.006930689036182,0.1463124445709734
3065,1425.0504798295215,0.9235298123022267,0.10268267199251127,4.0,23.0,0.0,-1424.1174176606717,-0.23041945584031165,1.0193750945037583,0.1493375581038426
3066,1425.3501285774291,0.9991857575911006,0.13406260232242445,5.0,31.0,0.0,-1421.9450461975614,-0.22872894281124712,1.0215990677785194,0.1395556509726738
3067,1426.34758185613,0.9144135163449206,0.11295602182469806,2.0,3.0,0.0,-1425.2128494905996,-0.2178114902159833,1.0190362679965979,0.14915601952391513
3068,1426.505348377183,0.8614790746816346,0.09999569550055215,2.0,3.0,0.0,-1424.7276719070499,-0.18267915084288425,1.0091034170445983,0.14654414539473565
3069,1425.7668760235517,0.9986613150482037,0.10268267199251127,4.0,19.0,0.0,-1424.230099205709,-0.2233512543299472,1.0173192487327423,0.1464422437551774
3070,1425.4368727590738,0.9920424850568502,0.13406260232242445,5.0,31.0,0.0,-1425.107817845634,-0.23338299441313795,1.0224389538099126,0.13979880829322233
3071,1426.4817650595312,0.9757809740140593,0.11295602182469806,5.0,63.0,0.0,-1425.1570778178045,-0.19566773948484883,1.0101503156980938,0.14726157053412275
3072,1424.9368743431921,0.8139069634323851,0.09999569550055215,4.0,23.0,0.0,-1423.6639215444802,-0.19841988819271628,1.009955727460084,0.14194821956788867
3073,1425.960894045184,1.0,0.10268267199251127,2.0,3.0,0.0,-1425.425807594595,-0.2239548034032154,1.0176721355595229,0.14656373124289243
3074,1427.2545361479713,0.8564176824557052,0.13406260232242445,4.0,31.0,0.0,-1423.6691762313937,-0.21613901148476933,1.0177794981347752,0.14631096239175168
3075,1426.8468250891801,0.9977441479344499,0.11295602182469806,4.0,27.0,0.0,-1424.8343888562588,-0.23764229662741335,1.0234681667113392,0.14480756397041897
3076,1426.8283818437408,0.9330043372695233,0.09999569550055215,2.0,3.0,0.0,-1424.577669728579,-0.19605281892176996,1.011910505096685,0.14239634663579878
3077,1426.0025080612559,0.9784464200781634,0.10268267199251127,4.0,19.0,0.0,-1424.8549458200996,-0.24901753696476076,1.0257363511512494,0.14616622728355055
3078,1423.5139437891853,0.6593762134467316,0.13406260232242445,4.0,31.0,0.0,-1417.6220883044634,-0.19191266063663662,1.0093072238613454,0.15409993762237723
3079,1427.1337896821256,0.9368734080123515,0.11295602182469806,5.0,31.0,0.0,-1426.3888194258293,-0.1914833283274001,1.0106593802682966,0.1461939275553068
3080,1426.1944044127024,0.8761490774490585,0.09999569550055215,5.0,31.0,0.0,-1424.8854915677737,-0.22521117213506717,1.0193771675741439,0.141222527664952
3081,1426.406338696964,0.9994454623745086,0.10268267199251127,3.0,11.0,0.0,-1425.9027655914954,-0.24128456075537172,1.023616070801,0.14545333526915255
3082,1424.059857778655,1.0,0.13406260232242445,2.0,3.0,0.0,-1423.5665106929168,-0.18870436517851716,1.0101069382293961,0.15371107532387585
3083,1427.1419486202699,0.9996086063531292,0.11295602182469806,4.0,31.0,0.0,-1426.4124608764757,-0.2250838144934241,1.0202775035898222,0.14633365741609938
3084,1427.2301006865832,0.9782387216973272,0.09999569550055215,4.0,19.0,0.0,-1425.9552251485648,-0.20747825089656724,1.0146355398904798,0.14663117665187986
3085,1426.4595053730757,0.9669023341640635,0.10268267199251127,4.0,23.0,0.0,-1425.6318588715303,-0.23018974308465137,1.0200390261685788,0.14559004894467278
3086,1427.3274447152082,0.9990788235338393,0.13406260232242445,5.0,31.0,0.0,-1424.0271230951728,-0.20396754084762456,1.014161816308355,0.1456542481898917
3087,1426.860849523974,0.9853297201655912,0.11295602182469806,5.0,35.0,0.0,-1424.5247538981052,-0.20760740427718571,1.0155361136491854,0.14838645233489406
3088,1426.9573514849978,0.8896440640997828,0.09999569550055215,2.0,3.0,0.0,-1426.5967266994696,-0.2101152702443266,1.0146971407321976,0.14655759517673583
3089,1427.0287772192764,0.9806316878907891,0.10268267199251127,5.0,47.0,0.0,-1425.80503707913,-0.20546835825770932,1.0146960379909293,0.14787799809790078
3090,1426.665208476759,0.8728879934522072,0.13406260232242445,4.0,27.0,0.0,-1425.2531333477746,-0.22598571556753222,1.0216878461099346,0.14542091070992583
3091,1425.832378496923,0.8715132507416322,0.11295602182469806,3.0,15.0,0.0,-1422.7196379616787,-0.21276606218367652,1.0161470526075478,0.15108357707287687
3092,1424.0811471636516,0.7123764418072657,0.09999569550055215,2.0,3.0,0.0,-1423.71320042765,-0.20128928310394711,1.016641722641749,0.14629614210447095
3093,1426.9312351464569,0.8804367872383658,0.10268267199251127,4.0,23.0,0.0,-1425.2875401179092,-0.22416709504887655,1.0188770709427137,0.14445093318161817
3094,1427.27079769148,0.9834425454453211,0.13406260232242445,4.0,27.0,0.0,-1426.029056493389,-0.20010251314628014,1.013081909320639,0.14454537753799193
3095,1426.6730121660028,0.9931097180424688,0.11295602182469806,4.0,31.0,0.0,-1425.1840017392092,-0.1864382850776986,1.0091298369476118,0.14828106602694938
3096,1427.0430690962828,0.7510908619166875,0.09999569550055215,2.0,3.0,0.0,-1422.7813900633294,-0.21032120566383994,1.0148381053633313,0.14612807434531105
3097,1427.0021496796714,0.9939671880058866,0.10268267199251127,5.0,31.0,0.0,-1426.5514101300023,-0.22146727219810763,1.0197879827469345,0.14680967115729143
3098,1426.6746574980145,0.7417883547497462,0.13406260232242445,2.0,7.0,0.0,-1425.1379081320588,-0.20050526627133244,1.0118289208791562,0.14316409958600163
3099,1426.5790124844655,0.9995648786538958,0.11295602182469806,4.0,15.0,0.0,-1426.339991488917,-0.18126947483963549,1.0074577675044,0.1481151629637639
3100,1426.8443624873444,0.8347857268323509,0.09999569550055215,4.0,27.0,0.0,-1425.015399820167,-0.22203886258024483,1.0202938372615913,0.14660951179346285
3101,1427.2593147605887,0.9948032892322112,0.10268267199251127,5.0,39.0,0.0,-1426.3079658301015,-0.20685346241765118,1.0153909263625962,0.1456842174879092
3102,1427.030412376917,0.928366409153996,0.13406260232242445,2.0,3.0,0.0,-1426.1742521908247,-0.19620445583115462,1.012135524819237,0.1433224476065726
3103,1426.2048097892578,0.9354156988690427,0.11295602182469806,4.0,15.0,0.0,-1425.7022451695575,-0.18604689508884448,1.00853406000086,0.149638839027643
3104,1427.028994818983,0.9997543961456273,0.09999569550055215,4.0,31.0,0.0,-1426.4252825010549,-0.20581271314136504,1.0135973109165441,0.14655575479364324
3105,1426.5775071892115,0.9340838621277572,0.10268267199251127,5.0,35.0,0.0,-1424.522538221783,-0.17894712469586946,1.006113293070774,0.14703269709401945
3106,1426.9211683117126,0.9890471064439247,0.13406260232242445,2.0,3.0,0.0,-1426.9146913810005,-0.19771019384687646,1.0114770038364034,0.14329115039612914
3107,1424.72512442437,0.8172717826982914,0.11295602182469806,5.0,31.0,0.0,-1423.3348045997368,-0.19156822552815728,1.0079808259922425,0.14172269890054653
3108,1425.1408210863156,0.792134517168089,0.09999569550055215,4.0,23.0,0.0,-1421.7667686092857,-0.21716283565197028,1.0153468953090916,0.14242590362685628
3109,1424.4043036715977,0.8158846673053394,0.10268267199251127,4.0,19.0,0.0,-1423.658838867174,-0.17296938132300196,1.0023115395098547,0.14532341729064624
3110,1426.8695380930444,0.9971874643748907,0.13406260232242445,4.0,15.0,0.0,-1426.7689762402467,-0.1911012240478026,1.0109928649081248,0.14344623833103506
3111,1424.7801025806887,1.0,0.11295602182469806,5.0,31.0,0.0,-1424.4372529200355,-0.21560313651603302,1.019861282106118,0.1497495951033935
3112,1426.4163697639237,1.0,0.09999569550055215,1.0,1.0,0.0,-1425.439987575612,-0.21461945821958056,1.015744292705686,0.14245799044932686
3113,1426.1973946072546,0.9718990569463581,0.10268267199251127,2.0,7.0,0.0,-1423.7169624735293,-0.16452157992049513,1.0023259099050255,0.1454899068032051
3114,1426.9126973267948,0.9810908758775053,0.13406260232242445,5.0,31.0,0.0,-1426.4297404115778,-0.2303973332937018,1.0214407026189363,0.14724968643373776
3115,1424.9373454326524,0.9985704374430312,0.11295602182469806,5.0,43.0,0.0,-1423.6587946560242,-0.20344739393182393,1.0125604304498619,0.1520116255123313
3116,1425.9579463183488,0.996872237034256,0.09999569550055215,5.0,31.0,0.0,-1425.0079877710255,-0.25091766136012855,1.0272922386475094,0.14272047117311323
3117,1424.9813108038522,0.8690921264947381,0.10268267199251127,3.0,15.0,0.0,-1423.7723638014093,-0.1578841339209462,0.9991322850513944,0.1440477205793751
3118,1426.7876639011151,0.7216805131761186,0.13406260232242445,2.0,7.0,0.0,-1425.15235686962,-0.2250635751428982,1.0211885458856225,0.14651635061254753
3119,1425.0734653526551,0.9978756310032035,0.11295602182469806,5.0,43.0,0.0,-1424.6113375735988,-0.20974075948643117,1.014610059499058,0.1520580769941651
3120,1426.3992668828764,0.9176721774287887,0.09999569550055215,5.0,31.0,0.0,-1424.8850678022036,-0.18004600091105794,1.0058414485686082,0.14562028584380063
3121,1425.8042222726563,0.9987861937777379,0.10268267199251127,5.0,31.0,0.0,-1424.3096689100637,-0.18539704730207548,1.0071819718915032,0.14910486611984616
3122,1427.1381984438017,0.9769761583069876,0.13406260232242445,2.0,3.0,0.0,-1426.6105122018462,-0.22485807313937828,1.0201381507497553,0.14648392336662142
3123,1424.7482219665133,0.8550874965082522,0.11295602182469806,5.0,47.0,0.0,-1422.5533334030408,-0.18974041303347178,1.0087054583911819,0.15212797365374797
3124,1426.8313426852962,0.9974588692575893,0.09999569550055215,4.0,19.0,0.0,-1426.1317391090088,-0.20532182461524617,1.0130984240292609,0.14627660228577477
3125,1425.9027101834083,0.9445089024903542,0.10268267199251127,3.0,11.0,0.0,-1424.9333413999652,-0.183150942624256,1.0070094054804248,0.14957027716460944
3126,1426.2354009882476,0.7919937954837618,0.13406260232242445,1.0,3.0,0.0,-1426.1096867541846,-0.22248297883223284,1.021183932501606,0.1464080584062037
3127,1424.8894515635866,0.985302112543351,0.11295602182469806,4.0,15.0,0.0,-1423.9041605923187,-0.17763494743278999,1.0078102845680819,0.15109627877951434
3128,1425.797740460411,0.8994764714236905,0.09999569550055215,4.0,19.0,0.0,-1425.5005921485513,-0.20845658323719451,1.0129753100121714,0.14643092942847946
3129,1425.626781920552,0.9599620475783383,0.10268267199251127,3.0,11.0,0.0,-1425.197120090523,-0.1792661593107161,1.0084584988195988,0.14904390337190473
3130,1425.8883441966382,0.9668026078605292,0.13406260232242445,3.0,15.0,0.0,-1421.4105474453231,-0.23947102777148369,1.023146029926865,0.14191526902229834
3131,1426.8586915926628,0.9554523832659827,0.11295602182469806,5.0,63.0,0.0,-1422.2529279639596,-0.23637118949285107,1.0234825285695226,0.14437496525252588
3132,1427.2277694075449,0.9966209014910987,0.09999569550055215,3.0,15.0,0.0,-1425.7077808185422,-0.20335521992194455,1.0134494643646794,0.1465111856131154
3133,1425.485737829801,0.9440987320183649,0.10268267199251127,3.0,11.0,0.0,-1424.0961545927216,-0.1898338146178637,1.0076084418083355,0.1471420607078767
3134,1427.0150457332818,1.0,0.13406260232242445,5.0,31.0,0.0,-1425.2996562106146,-0.19422650787087947,1.010489824750947,0.1441818149987553
3135,1427.2273508394858,0.9986284912419261,0.11295602182469806,4.0,23.0,0.0,-1426.6158261707888,-0.2184430671225636,1.0179950485243614,0.14648864303678755
3136,1426.424930209061,0.9222472958609914,0.09999569550055215,4.0,31.0,0.0,-1425.8106957338339,-0.23438074879975054,1.0213422908197904,0.14578001791125894
3137,1425.8041551051613,1.0,0.10268267199251127,2.0,3.0,0.0,-1424.9854085188465,-0.18158488040652046,1.009543316715013,0.14668063327059294
3138,1427.1500114340488,0.9960087332907848,0.13406260232242445,5.0,31.0,0.0,-1426.7832121470858,-0.20708174835675772,1.014236364721807,0.14659954450631915
3139,1426.2773681058104,0.9971884136159446,0.11295602182469806,5.0,31.0,0.0,-1426.1702984619744,-0.19898634322535405,1.0128664540803187,0.1408600704858202
3140,1426.3835509167984,0.990930671070552,0.09999569550055215,5.0,63.0,0.0,-1425.9854305558097,-0.20322927642534114,1.0153437665242258,0.14300495961232312
3141,1426.925141075176,0.9885981534613167,0.10268267199251127,2.0,3.0,0.0,-1425.6518339643696,-0.18367982125035567,1.0082779507557673,0.14656494288610505
3142,1427.346153614058,0.9999106540383004,0.13406260232242445,4.0,23.0,0.0,-1426.9565237627314,-0.2058039603975495,1.0144973490583247,0.14535966996439417
3143,1425.6181842848214,0.9880745782212504,0.11295602182469806,5.0,31.0,0.0,-1425.138523750323,-0.20973075321157286,1.0162435568861825,0.1396420938511977
3144,1426.2233688480237,0.6932156545645801,0.09999569550055215,2.0,3.0,0.0,-1423.4687289680285,-0.20212496101612665,1.0152914992512128,0.14348549879992178
3145,1426.493714710166,0.9957385941555532,0.10268267199251127,5.0,31.0,0.0,-1426.318722079214,-0.17743641731878615,1.005918482551562,0.14322297978737622
3146,1427.0131607112744,0.9663610350582151,0.13406260232242445,4.0,31.0,0.0,-1426.4080469246464,-0.22632247753955662,1.0206710270566828,0.1471233936141405
3147,1423.9725857410244,0.518497620582613,0.11295602182469806,5.0,31.0,0.0,-1419.4448876821687,-0.2431759073331899,1.0277465645931967,0.1412388079838612
3148,1427.188019502065,0.998379501760914,0.09999569550055215,4.0,19.0,0.0,-1426.1116463762314,-0.2161801997235573,1.0181396609770854,0.14605122801215428
3149,1425.8881999213033,0.8263731574715522,0.10268267199251127,5.0,39.0,0.0,-1421.796706234486,-0.2282884978103948,1.0189550006932608,0.14420416428855556
3150,1426.681106042372,0.9167613239833187,0.13406260232242445,5.0,31.0,0.0,-1426.2147097253617,-0.20139419248244142,1.0117952657298104,0.14469622735809481
3151,1425.1416162220778,0.6734138161132135,0.11295602182469806,5.0,31.0,0.0,-1420.3772331211333,-0.2269613025738443,1.0203435488663644,0.15210954711357133
3152,1426.8439422933454,0.9940195574499765,0.09999569550055215,5.0,31.0,0.0,-1426.197723240122,-0.1881250978040367,1.0088329668923468,0.14718374177237892
3153,1426.5796094629056,0.9996596921014005,0.10268267199251127,5.0,63.0,0.0,-1424.9646225129284,-0.17786723155062525,1.0071402030218604,0.1438240007455048
3154,1427.1058807093352,0.9998555002691042,0.13406260232242445,4.0,19.0,0.0,-1426.6323123866373,-0.20958549572990492,1.0147344553242463,0.14466918808665907
3155,1425.2568536297758,0.9930331452172055,0.11295602182469806,3.0,7.0,0.0,-1424.9837837732175,-0.22432709715556512,1.0195550296770712,0.15197952351039246
3156,1426.4432550423232,0.9526592122431525,0.09999569550055215,2.0,3.0,0.0,-1426.4112663694664,-0.18993494908196484,1.0085695178391598,0.14718504390367437
3157,1426.5999262998987,0.9997118435552189,0.10268267199251127,5.0,39.0,0.0,-1426.3838155522644,-0.24191460270082865,1.0250646716353335,0.1469998748570326
3158,1426.81167919137,0.9717356647707928,0.13406260232242445,3.0,11.0,0.0,-1426.114183062639,-0.21415875559312628,1.0170709374339422,0.1420783616620308
3159,1426.7608835509877,0.9922145454418253,0.11295602182469806,3.0,15.0,0.0,-1421.6840015957528,-0.21810710405391545,1.0184389988857399,0.14865824697102667
3160,1426.1494462610099,0.9897210384131595,0.09999569550055215,3.0,15.0,0.0,-1425.2674031222284,-0.17946362383350845,1.0083334872998442,0.14756583254908626
3161,1426.8178749511117,0.999051006721308,0.10268267199251127,5.0,31.0,0.0,-1425.6490347527586,-0.23241494768914248,1.0223395879140533,0.14330622993272993
3162,1427.0541448549175,0.9975436315402838,0.13406260232242445,5.0,31.0,0.0,-1426.4427864858872,-0.18823634229580255,1.0091530284870618,0.1460699171548794
3163,1425.0471586344768,0.9931652357807917,0.11295602182469806,4.0,23.0,0.0,-1424.6204694829871,-0.22860812196095776,1.0207758067855524,0.1390116840618722
3164,1424.0033532200166,0.8913254185492883,0.09999569550055215,3.0,15.0,0.0,-1422.5207157323428,-0.18329076852287818,1.0053726035399444,0.1502191572364971
3165,1426.9452186660048,0.7446330039684383,0.10268267199251127,5.0,35.0,0.0,-1424.3447280795187,-0.21828318827160703,1.0179526693578382,0.14266667116187437
3166,1424.637028402152,0.9791080077666686,0.13406260232242445,4.0,21.0,0.0,-1424.1041706283218,-0.1439821994803065,0.9958611712057783,0.14444443433905033
3167,1426.2780069715593,0.9988126574380959,0.11295602182469806,4.0,23.0,0.0,-1423.3314586319118,-0.2142003489718573,1.0168127008853511,0.15017203076751215
3168,1423.6014966672217,0.9901537225848431,0.09999569550055215,5.0,31.0,0.0,-1422.5386068949642,-0.14880805026060062,1.0005999752992212,0.14718865601826836
3169,1426.1153267824177,0.9557358486027063,0.10268267199251127,4.0,31.0,0.0,-1425.7902380230412,-0.21446341045903325,1.0172132486370657,0.14041744921552665
3170,1426.499667790371,0.9742858423439076,0.13406260232242445,5.0,37.0,0.0,-1423.860141473009,-0.24241542989277634,1.0241968616957993,0.14515242406779227
3171,1426.224404368993,0.8149442009606939,0.11295602182469806,4.0,27.0,0.0,-1423.7049631258892,-0.23498285122865803,1.0212929694009711,0.14545652309422857
3172,1423.758276585776,0.9996496403316087,0.09999569550055215,5.0,31.0,0.0,-1419.6145681874882,-0.2149866175928582,1.0162709116845237,0.15419030289227817
3173,1426.9312505850778,0.9563673096164977,0.10268267199251127,5.0,31.0,0.0,-1425.1864394292397,-0.20378440433530123,1.0131172263115753,0.14329051943418794
3174,1426.7230315190075,0.9697475808384789,0.13406260232242445,2.0,7.0,0.0,-1426.3012349266241,-0.24155665229712645,1.024845940174956,0.14487620285125796
3175,1427.077148991386,0.9846087828759695,0.11295602182469806,4.0,27.0,0.0,-1425.6506068926208,-0.20470693356963862,1.0132541433394493,0.1453232906092875
3176,1425.3481068031483,0.8714166040560233,0.09999569550055215,4.0,31.0,0.0,-1417.9715219720433,-0.23731139803037504,1.021244376736967,0.14609342393304578
3177,1424.695761303485,0.9746487881040696,0.10268267199251127,5.0,31.0,0.0,-1424.2906940385021,-0.14502422200675175,0.9980571773600183,0.14708534734372467
3178,1424.896907726685,0.8098359011870718,0.13406260232242445,4.0,15.0,0.0,-1424.034924473731,-0.2399113181419825,1.0231099074681167,0.1400289079868667
3179,1427.1257839371879,0.8501639648066605,0.11295602182469806,4.0,21.0,0.0,-1425.0123579420365,-0.20454356487282876,1.0147397822491142,0.14371056337914412
3180,1426.299925814795,0.9105928793785205,0.09999569550055215,4.0,23.0,0.0,-1421.966937935697,-0.1939731689007038,1.0125313072209612,0.14833915960440333
3181,1427.0801205508644,0.9874028862461389,0.10268267199251127,4.0,19.0,0.0,-1421.9029640951746,-0.18746419086459318,1.0094338736635218,0.14499711051792602
3182,1424.8955287056529,0.9978447059845127,0.13406260232242445,3.0,7.0,0.0,-1424.6578687984993,-0.2378854635138449,1.0224638596277493,0.13998032736031862
3183,1424.9353527715637,0.7757524588754695,0.11295602182469806,5.0,31.0,0.0,-1423.2631740386207,-0.2557476365347876,1.0276187434242174,0.14174990700629958
3184,1426.337557430857,0.9439677836375848,0.09999569550055215,4.0,23.0,0.0,-1423.5641199150764,-0.212514984037576,1.0182192828890702,0.14372232406899843
3185,1424.4811352812824,0.6989445895047618,0.10268267199251127,2.0,3.0,0.0,-1423.4752108323169,-0.17992773962462177,1.0100068761457663,0.14460560174825907
3186,1424.3216763771284,0.9471595541475751,0.13406260232242445,2.0,3.0,0.0,-1424.2919527372787,-0.23201752261169062,1.0240442590581433,0.13986245207259315
3187,1426.2176939310918,0.8601113167002076,0.11295602182469806,4.0,15.0,0.0,-1423.861816090688,-0.24104103836852933,1.0249425146375355,0.14217422174676678
3188,1427.157703510214,0.9399924707008668,0.09999569550055215,2.0,3.0,0.0,-1425.9140719552734,-0.21531639477207318,1.0176138257225213,0.14365204958500702
3189,1423.6768563489015,0.9941134009462466,0.10268267199251127,5.0,39.0,0.0,-1422.9624520109035,-0.23481460730431358,1.0259667395816536,0.14229374349377277
3190,1423.5533584422594,0.985259851014948,0.13406260232242445,4.0,15.0,0.0,-1422.9295121596765,-0.22665603423747085,1.0185983337025648,0.13841297560449609
3191,1426.634361223506,0.7499842747281391,0.11295602182469806,4.0,19.0,0.0,-1423.0035637235976,-0.21115597611070683,1.014493087451197,0.14590852614968314
3192,1426.4926780459145,0.8328027162525372,0.09999569550055215,3.0,15.0,0.0,-1425.5606765532712,-0.21678170188238718,1.0194003425568803,0.14525919064852594
3193,1425.2521288893922,0.9861710512538437,0.10268267199251127,5.0,31.0,0.0,-1422.668453165082,-0.2613602378187082,1.03172640914814,0.14427719400989647
3194,1424.537395692815,0.8912182935409731,0.13406260232242445,2.0,3.0,0.0,-1422.6848491151654,-0.2242404019845588,1.0200247706649739,0.13814733599366036
3195,1427.3331408494776,0.9780711891790761,0.11295602182469806,3.0,15.0,0.0,-1426.409386995842,-0.21136728258293033,1.0161718627727914,0.14587534123883217
3196,1424.3063950655485,1.0,0.09999569550055215,4.0,31.0,0.0,-1423.6664919362433,-0.18694993672332205,1.0077951440240525,0.1526586520911941
3197,1425.2831824652428,0.804392707604593,0.10268267199251127,2.0,3.0,0.0,-1423.458318884814,-0.26275236004178054,1.0297477329176328,0.14460768437275015
3198,1424.6864762911262,0.9999722412983068,0.13406260232242445,5.0,31.0,0.0,-1423.8926057545634,-0.2140666462425404,1.0168919109536099,0.1381519955566597
3199,1426.7389596931214,0.9953817120624605,0.11295602182469806,5.0,31.0,0.0,-1426.6528600621684,-0.19979595873971914,1.0126424840893804,0.14883633177859032
3200,1424.6604739331517,1.0,0.09999569550055215,3.0,7.0,0.0,-1424.2304770187557,-0.1873736456805158,1.0086487687486858,0.15268654886149374
3201,1426.3568111812142,0.9986960044000233,0.10268267199251127,5.0,31.0,0.0,-1424.3096745904616,-0.1992454658913612,1.0133054692194015,0.14963021757397363
3202,1427.032805008221,0.9855908278239504,0.13406260232242445,5.0,31.0,0.0,-1424.478145593009,-0.22001214277691417,1.019090777652834,0.14339618237873605
3203,1426.594796288757,0.8029910409837353,0.11295602182469806,4.0,23.0,0.0,-1424.674808802575,-0.2238067292672979,1.0211720433783138,0.14472010651713077
3204,1423.5641702343978,0.9997503867495834,0.09999569550055215,4.0,15.0,0.0,-1423.1290365338502,-0.19431118084526408,1.0111196521655026,0.1546085647861697
3205,1426.7868236891281,0.9692230129229851,0.10268267199251127,4.0,31.0,0.0,-1425.0326297481565,-0.19660715388818106,1.0130734304363425,0.14682876676989765
3206,1426.902073251092,0.9999533683673646,0.13406260232242445,3.0,11.0,0.0,-1426.826389686873,-0.22354792248412048,1.0193016548855682,0.14288768730703355
3207,1427.157946764476,0.997936631520821,0.11295602182469806,4.0,31.0,0.0,-1424.5039583601024,-0.20716298740009442,1.0141034874373889,0.14527961487890476
3208,1422.9700102965728,0.9967971321093019,0.09999569550055215,4.0,15.0,0.0,-1422.7041428683835,-0.2009506784242382,1.012885278978779,0.15544771856811304
3209,1426.8055668862166,0.9999907137902733,0.10268267199251127,5.0,47.0,0.0,-1426.5917563908888,-0.2106950837219899,1.0149061136799835,0.14765837398972056
3210,1423.549211167428,0.683492477084841,0.13406260232242445,4.0,19.0,0.0,-1419.837619038724,-0.19446328015136446,1.0142471248189278,0.15097099319813911
3211,1427.2564489147007,0.9928037730187315,0.11295602182469806,4.0,31.0,0.0,-1426.6279829363116,-0.21438236746937936,1.016898706676776,0.14658746300697428
3212,1426.402084587324,0.9535080720805261,0.09999569550055215,4.0,27.0,0.0,-1421.1800982662087,-0.20317478543485346,1.014740004861498,0.14923029974348762
3213,1426.6127886339173,0.9951346902797508,0.10268267199251127,4.0,31.0,0.0,-1425.6878573808838,-0.2281717369368814,1.020212266732258,0.14821156701168692
3214,1423.904749363793,0.9861483644839275,0.13406260232242445,2.0,7.0,0.0,-1422.5961485993548,-0.20151133223713663,1.0102740805753425,0.15002611210723318
3215,1426.7555939958377,0.8869843103020422,0.11295602182469806,2.0,7.0,0.0,-1426.397099425177,-0.21736560357157997,1.0164991832572843,0.14628182211527174
3216,1427.0551733990112,0.9999842292333601,0.09999569550055215,3.0,15.0,0.0,-1426.02630697137,-0.20654483807651908,1.0143761628909616,0.14767733529135843
3217,1426.7180837481012,0.9769939298505411,0.10268267199251127,2.0,7.0,0.0,-1426.3561523250282,-0.2269411661319226,1.0210411275815132,0.14828313834561424
3218,1425.6675004376384,0.9959277025121956,0.13406260232242445,5.0,31.0,0.0,-1423.4307827873922,-0.18555207970274631,1.0071851973520312,0.14167993110180307
3219,1426.8468954823625,0.9048485446989066,0.11295602182469806,3.0,11.0,0.0,-1425.6426151056387,-0.2103256047863626,1.0169937416403185,0.14704273324856748
3220,1426.8382302742698,0.9952339461683967,0.09999569550055215,5.0,31.0,0.0,-1426.6670100539536,-0.18418851239041256,1.0087985521077198,0.14386867533606498
3221,1426.3304418070725,0.9251398320906667,0.10268267199251127,1.0,3.0,0.0,-1426.2402829048724,-0.2250603981811862,1.0214190686650866,0.14820543916407478
3222,1424.0201654359353,0.6285739664669867,0.13406260232242445,2.0,7.0,0.0,-1422.052210169517,-0.17818595839621154,1.009163975149113,0.14121113982284805
3223,1424.8813348784681,0.7963726363453908,0.11295602182469806,3.0,15.0,0.0,-1424.3971319285545,-0.21856077374116592,1.0210339865309397,0.14756044436433094
3224,1427.1782044333218,0.9965586542310311,0.09999569550055215,4.0,15.0,0.0,-1426.7925416564358,-0.19150981268646947,1.0105274435062042,0.1455399109107191
3225,1426.2651030041018,0.7591601630650844,0.10268267199251127,3.0,15.0,0.0,-1422.117320264207,-0.21775454660443705,1.0161968026874761,0.1473144895814163
3226,1426.030755732022,1.0,0.13406260232242445,5.0,31.0,0.0,-1423.333151879839,-0.1674224748446738,1.0024292259767393,0.14512103293851583
3227,1425.0329956818857,0.9848411955898735,0.11295602182469806,4.0,31.0,0.0,-1423.7179286349635,-0.19625323531742556,1.0093646731756107,0.14911483067341505
3228,1426.9971235375835,0.9675082665686422,0.09999569550055215,5.0,31.0,0.0,-1426.8855094197252,-0.19542223814731294,1.0124486588765849,0.14454063782678397
3229,1426.0105211343039,0.9989403321723485,0.10268267199251127,5.0,43.0,0.0,-1425.6309345890263,-0.2414746730359807,1.0231809966607943,0.14615278824304787
3230,1426.5473972720083,0.9984569038492516,0.13406260232242445,4.0,31.0,0.0,-1424.0594700510053,-0.24034575460290117,1.0250764829472063,0.14706066165925755
3231,1425.494428477105,0.9979345554654955,0.11295602182469806,5.0,31.0,0.0,-1424.7336564774896,-0.22439430729377233,1.022258718862568,0.14397011375225358
3232,1426.6128263427752,0.996204607927826,0.09999569550055215,4.0,31.0,0.0,-1426.0889536028635,-0.17613856417164406,1.0054027980256213,0.14475400867680852
3233,1427.2782327228072,0.9947618687397038,0.10268267199251127,4.0,31.0,0.0,-1425.6241415808897,-0.21865000084827957,1.018015384692216,0.14500895422179386
3234,1424.4158570102918,0.8028726134006791,0.13406260232242445,4.0,19.0,0.0,-1422.2833450593137,-0.2716339277097241,1.0331853225197711,0.14197108886021043
3235,1426.9921655915912,1.0,0.11295602182469806,2.0,3.0,0.0,-1425.3717122863254,-0.22862851680510501,1.021196354642948,0.14371053606332357
3236,1424.6025530510306,0.9189263562019558,0.09999569550055215,4.0,15.0,0.0,-1424.2359778854802,-0.1626481995765464,1.0033458380706008,0.14076750002827634
3237,1426.0653279669464,0.9138892153455864,0.10268267199251127,4.0,19.0,0.0,-1424.636454911023,-0.2410240674022069,1.0258453595292798,0.1430347227981582
3238,1425.7035827501318,0.9254194474190515,0.13406260232242445,4.0,15.0,0.0,-1422.359074936446,-0.23458415665682447,1.0217105664411559,0.14108688562814622
3239,1427.013350588007,0.7985247966148578,0.11295602182469806,2.0,3.0,0.0,-1425.6894493101713,-0.22712395796798548,1.021132902272828,0.14405392124830843
3240,1426.5128621312372,0.970027992420101,0.09999569550055215,4.0,31.0,0.0,-1421.8347346606465,-0.2096172193377366,1.014361485075541,0.14258720139513206
3241,1426.9287732559226,0.9738168420072743,0.10268267199251127,3.0,11.0,0.0,-1425.7643093673585,-0.23493325879215463,1.022840818588896,0.14457946036893046
3242,1426.8601089965643,0.3374606410865258,0.13406260232242445,4.0,19.0,0.0,-1418.8953100695833,-0.2177203161556896,1.0190767465537074,0.14681213899090173
3243,1426.3551700409591,0.9138642058219355,0.11295602182469806,5.0,31.0,0.0,-1426.152332797333,-0.21407713821758353,1.0152998484058688,0.14775988105134033
3244,1426.6093589599775,0.9991502285989532,0.09999569550055215,5.0,31.0,0.0,-1426.10276984347,-0.17976644982062936,1.0076933051220014,0.14723634205023922
3245,1427.0906156137567,0.9071329845690888,0.10268267199251127,5.0,43.0,0.0,-1426.097084311199,-0.1978811954771939,1.0114938411203864,0.14462685922488788
3246,1426.94450041846,0.9880520623022281,0.13406260232242445,2.0,3.0,0.0,-1426.7082031812022,-0.2203756550398562,1.0179456336077117,0.1472256063505614
3247,1425.9019547332796,0.9980373879981376,0.11295602182469806,4.0,27.0,0.0,-1424.7354178301223,-0.17297505979613512,1.0066793615961374,0.14646643249965624
3248,1427.2321212792772,0.9987767569335775,0.09999569550055215,4.0,19.0,0.0,-1426.4331122459644,-0.20033281447180537,1.0133486517898465,0.14442994999969966
3249,1427.0587851455,0.9694308823237906,0.10268267199251127,4.0,23.0,0.0,-1426.6429000883365,-0.20764605753275758,1.0160889546760026,0.14527523040372034
3250,1424.5891516178926,0.996870444020794,0.13406260232242445,4.0,31.0,0.0,-1422.8938665611397,-0.2522266786604777,1.0283269805712627,0.15155596894027046
3251,1426.1294389504626,0.9801210113641374,0.11295602182469806,4.0,27.0,0.0,-1424.3643117683914,-0.2121380120588634,1.0144455319972725,0.1475034556144272
3252,1426.1096762823506,0.8653492182144021,0.09999569550055215,4.0,31.0,0.0,-1423.8706114968054,-0.21832957544361753,1.0196998822414454,0.14223161236429407
3253,1426.996912620761,0.9999949385779972,0.10268267199251127,4.0,31.0,0.0,-1426.3767332155708,-0.22507945832290974,1.019800691218555,0.1434084307286425
3254,1423.9345140013215,0.7480224908374588,0.13406260232242445,2.0,3.0,0.0,-1423.157464061203,-0.25170592358905264,1.0295829125952316,0.1512079657270316
3255,1425.6495149899042,0.9971750722426135,0.11295602182469806,4.0,27.0,0.0,-1425.10586038193,-0.2320240638689361,1.0241152727896943,0.14768791035530657
3256,1426.697886803103,0.9852581062193964,0.09999569550055215,5.0,31.0,0.0,-1425.8614686676817,-0.19378742211843986,1.0098270392074251,0.14668541028443946
3257,1426.141342800647,0.8873667463436428,0.10268267199251127,4.0,27.0,0.0,-1423.5194624530639,-0.23307854416793827,1.0241225316844453,0.14587862167464716
3258,1424.723030273495,0.9699188698653963,0.13406260232242445,3.0,7.0,0.0,-1423.6282482260083,-0.2477199744272156,1.0278217541842236,0.15096804933319402
3259,1425.5987426479269,0.9201991451745375,0.11295602182469806,3.0,15.0,0.0,-1424.280574163742,-0.2457667495418236,1.0277098511197045,0.1474006002228515
3260,1427.071059362295,0.9971167654921718,0.09999569550055215,4.0,23.0,0.0,-1426.0184617075618,-0.1968330262853995,1.0128095277163252,0.1452609660624107
3261,1425.6281390417932,0.9956192888609103,0.10268267199251127,4.0,31.0,0.0,-1424.346540901395,-0.18921540552046728,1.0114190428375918,0.14155732994427903
3262,1425.9651571657444,0.9674066495007131,0.13406260232242445,5.0,31.0,0.0,-1424.075680064622,-0.23858418811424945,1.0247739839956305,0.14169745417226998
3263,1426.7711647845367,0.9271962465536786,0.11295602182469806,3.0,15.0,0.0,-1422.1306052855414,-0.22818342025752314,1.022063004508,0.14469262700757782
3264,1426.9399384357416,0.976633175066078,0.09999569550055215,4.0,27.0,0.0,-1426.0618715627925,-0.1993716530684474,1.0131153459784459,0.1428065623663101
3265,1425.981316321054,0.9889363169081713,0.10268267199251127,5.0,31.0,0.0,-1424.870461068858,-0.19481115920492076,1.0133446200381193,0.1475002125799457
3266,1426.028601603398,0.9668932900234274,0.13406260232242445,4.0,15.0,0.0,-1425.6330160637388,-0.24353913991024212,1.0252512699806928,0.1418514008349568
3267,1426.8215420438196,0.9976112044505806,0.11295602182469806,4.0,23.0,0.0,-1426.261889247197,-0.21555533730752913,1.016242329200735,0.14727433557760725
3268,1425.2471207606447,0.7183479392441164,0.09999569550055215,2.0,3.0,0.0,-1425.0612116639684,-0.19514337270366564,1.0138775350173919,0.14273797042367506
3269,1426.5988046933605,0.9928089320239839,0.10268267199251127,5.0,31.0,0.0,-1424.8686853599377,-0.2277480338179656,1.0221615787208862,0.1465003261373783
3270,1426.007906883593,0.786587605344131,0.13406260232242445,5.0,31.0,0.0,-1424.3221336664733,-0.18906813695791952,1.011408956099949,0.14820069846098255
3271,1427.0151591838935,0.9993325469309063,0.11295602182469806,4.0,31.0,0.0,-1425.568896701762,-0.20491242919474786,1.0153533730722293,0.14577932018527898
3272,1423.676591044503,0.9763703984566006,0.09999569550055215,5.0,31.0,0.0,-1423.1002241974631,-0.15206049244078587,1.0016154962980384,0.1443322290128348
3273,1425.6140760824098,0.9512212257119915,0.10268267199251127,4.0,29.0,0.0,-1421.8959315252034,-0.18233468279661694,1.0090819685214716,0.14988504248642323
3274,1426.3507486401816,0.999523079456654,0.13406260232242445,5.0,31.0,0.0,-1425.1610587922703,-0.23187519509875168,1.0204552960247806,0.14590859957556546
3275,1426.8367727205978,0.9007583203550636,0.11295602182469806,2.0,3.0,0.0,-1426.0266676382953,-0.20883858955108514,1.0140612474741573,0.14512931208682503
3276,1424.8683379004656,0.9913317761189605,0.09999569550055215,4.0,15.0,0.0,-1422.7842588549995,-0.15325114094357406,0.9979826908106866,0.14723781998251517
3277,1426.0278327685123,0.9976715115709484,0.10268267199251127,5.0,63.0,0.0,-1423.8931984643548,-0.23249650627348828,1.0233959872616256,0.14906573574845614
3278,1426.1316557681525,0.9571953168842577,0.13406260232242445,3.0,13.0,0.0,-1424.9663869807314,-0.23886618969278525,1.0255874920367343,0.14487324609842753
3279,1426.554468365431,0.9547215500545814,0.11295602182469806,4.0,31.0,0.0,-1424.0067514839022,-0.23661831857443452,1.0226863124889418,0.14328293552818994
3280,1425.8762968320532,1.0,0.09999569550055215,5.0,31.0,0.0,-1424.376689270364,-0.17564314020067828,1.006760933973466,0.14919601115747583
3281,1426.4520148834674,0.9515926510466732,0.10268267199251127,4.0,21.0,0.0,-1425.1400954143596,-0.22370404165508528,1.0180183257780975,0.14528421824065513
3282,1426.8038171221222,0.9611382873314068,0.13406260232242445,4.0,19.0,0.0,-1425.6313238204375,-0.2319610025991851,1.022877322950876,0.1463861257692424
3283,1426.5720919261487,0.9957017687281318,0.11295602182469806,5.0,31.0,0.0,-1426.0702593749108,-0.20119250064940508,1.0138300023652886,0.14910693622016477
3284,1425.8728481537278,0.9930948148225748,0.09999569550055215,2.0,3.0,0.0,-1425.7105673419064,-0.18007092659498955,1.0061280178582075,0.14940509503798532
3285,1426.7812755626671,0.9968602709995302,0.10268267199251127,4.0,19.0,0.0,-1425.8538435698886,-0.2145035521842074,1.01794136289207,0.14800769058317317
3286,1427.0177785705307,0.9478462433036391,0.13406260232242445,4.0,27.0,0.0,-1425.4682508629355,-0.1877005313715557,1.0098348107142479,0.1459236263003423
3287,1427.2587047003897,0.9803980963328363,0.11295602182469806,3.0,15.0,0.0,-1423.5970590445947,-0.2075383213672526,1.0156112194282658,0.14536101814597643
3288,1425.2134771054648,0.9997153467378012,0.09999569550055215,5.0,31.0,0.0,-1424.2760058450453,-0.20276219275050122,1.0134309387905645,0.1522586838601079
3289,1426.9629239909707,0.993077920588635,0.10268267199251127,5.0,31.0,0.0,-1425.4635816762973,-0.2250488796134247,1.0209682402598994,0.1457493392722972
3290,1426.6406178837308,0.9998284604426201,0.13406260232242445,5.0,31.0,0.0,-1425.6297928506785,-0.23592773827181876,1.0228138175342325,0.14772694081376522
3291,1426.4307691656745,0.9216919167982043,0.11295602182469806,4.0,23.0,0.0,-1425.2417534702747,-0.19703555527565536,1.0103510686687889,0.14436377084271734
3292,1424.7939791433253,0.9304574961758528,0.09999569550055215,5.0,31.0,0.0,-1423.2521690830258,-0.1696442876662745,1.0028438335444745,0.1406311513043524
3293,1425.698105791647,0.9273884906248581,0.10268267199251127,4.0,31.0,0.0,-1424.9346636512018,-0.22461857669070653,1.0181338898278574,0.14199275843409875
3294,1426.136962225555,0.8548346419006391,0.13406260232242445,3.0,15.0,0.0,-1424.8694998609533,-0.22776880530129892,1.0189661878625718,0.14617802034338526
3295,1426.1718375419143,0.9903608305050756,0.11295602182469806,4.0,19.0,0.0,-1425.3297783622959,-0.16549501227370383,1.0035942408271932,0.14513369216941485
3296,1424.9872448935844,0.9950416030255742,0.09999569550055215,2.0,5.0,0.0,-1424.6010297134728,-0.1651394708376935,1.0030912567052481,0.14045264531197119
3297,1426.8983616333712,0.8754498186568423,0.10268267199251127,3.0,15.0,0.0,-1423.5672895818661,-0.21637949544813473,1.0165544207521302,0.1437412157660265
3298,1425.9734142023835,0.9938632236309469,0.13406260232242445,5.0,31.0,0.0,-1425.0969023490734,-0.18716829229558246,1.011061578636689,0.14721557257172832
3299,1425.952953609482,0.847169359148217,0.11295602182469806,2.0,3.0,0.0,-1424.9657914709485,-0.16728771331998155,1.0022694573141346,0.1455541168352091
3300,1425.844188638992,0.9130088306133407,0.09999569550055215,5.0,31.0,0.0,-1423.9555267437115,-0.17247760736013606,1.0033466097555448,0.14598837371694456
3301,1427.0237279165449,0.9939042159761915,0.10268267199251127,4.0,31.0,0.0,-1426.4382750540408,-0.2185014057514928,1.0171975477939557,0.1452350922769363
3302,1426.8245071311624,0.7402613983113783,0.13406260232242445,2.0,3.0,0.0,-1424.26355471303,-0.1917869722797458,1.011441005982332,0.14702230789290882
3303,1425.538860635184,0.9921909730187433,0.11295602182469806,3.0,11.0,0.0,-1425.2102928999057,-0.15604824990270208,1.0011469749870945,0.14611272600679745
3304,1425.292897718845,0.8661163472914221,0.09999569550055215,5.0,31.0,0.0,-1423.2522462678128,-0.17975814117363909,1.007495736783859,0.1512782451530247
3305,1426.2158535012916,0.9230334207000781,0.10268267199251127,4.0,31.0,0.0,-1424.7331063684696,-0.2008048623566947,1.0117930987133967,0.14186308227194125
3306,1427.1264613591823,0.9805084395708614,0.13406260232242445,5.0,31.0,0.0,-1426.5317708013665,-0.2073488092108945,1.015738783969213,0.1441895995318861
3307,1424.3783832674083,0.5942074322605064,0.11295602182469806,3.0,11.0,0.0,-1420.9731372348647,-0.1600846038307205,1.0038318564373778,0.14547365757356762
3308,1427.0990907491237,0.9887291010369923,0.09999569550055215,5.0,31.0,0.0,-1424.8242637469893,-0.22376221486087625,1.0203531378361268,0.14553410035701014
3309,1426.357828515394,0.9928289964321444,0.10268267199251127,2.0,7.0,0.0,-1425.708137931169,-0.19839758360304138,1.0137390820009282,0.14239947975343753
3310,1427.08065772277,0.9994871980101299,0.13406260232242445,4.0,31.0,0.0,-1426.8218584626202,-0.19804743673942315,1.012172593970279,0.14330193175322575
3311,1424.5493301815425,0.9937964415575955,0.11295602182469806,2.0,7.0,0.0,-1423.7120910556118,-0.1759471786564373,1.0031791451462992,0.1458309842616779
3312,1426.9699895655324,0.9638562870198162,0.09999569550055215,4.0,23.0,0.0,-1426.1888128111689,-0.2101885934922169,1.0147871836042996,0.14397140636214256
3313,1426.2419295679972,0.999528237742611,0.10268267199251127,5.0,31.0,0.0,-1426.1346633180253,-0.19987212267782792,1.0141695822927899,0.1489399400909824
3314,1426.67119526045,0.897711956801202,0.13406260232242445,2.0,3.0,0.0,-1426.4053276017378,-0.19730845959521248,1.0132499745045793,0.14317680706290165
3315,1426.518820027658,1.0,0.11295602182469806,2.0,3.0,0.0,-1424.7320112358084,-0.17330022376837947,1.0046189009873605,0.14602513598055136
3316,1426.7768669024322,0.9861269197108312,0.09999569550055215,4.0,21.0,0.0,-1426.512092563938,-0.21006845123797216,1.014494550617611,0.14700757749305277
3317,1425.7647625542143,0.9499133754150232,0.10268267199251127,2.0,3.0,0.0,-1425.5658335297423,-0.20346792483952675,1.0119213140763745,0.14881544796456164
3318,1426.6724273913508,0.8964683006329682,0.13406260232242445,4.0,19.0,0.0,-1425.3792532667278,-0.18790403491000796,1.0085828604939642,0.14767641884979543
3319,1427.2554822684067,0.9928811327711595,0.11295602182469806,4.0,31.0,0.0,-1426.1031359233637,-0.19821883998073725,1.0125710749053531,0.1460031234413996
3320,1426.8914345470876,0.9931142209194309,0.09999569550055215,4.0,23.0,0.0,-1425.3349026992576,-0.1918786204559387,1.0115472871386486,0.14598107689737821
3321,1424.9192268553566,0.9773283665529314,0.10268267199251127,5.0,31.0,0.0,-1423.4383412645723,-0.25823414261074323,1.031478751523779,0.1464701108799826
3322,1425.0551220212424,0.7683704908254194,0.13406260232242445,2.0,3.0,0.0,-1424.5678885381496,-0.18321715977897995,1.010596655061575,0.14728032312420733
3323,1427.0861691604764,0.9998644721530062,0.11295602182469806,5.0,63.0,0.0,-1426.7471582749527,-0.22643516302563166,1.0207573965576695,0.14421578056739356
3324,1426.7059837145052,0.8153783906076972,0.09999569550055215,2.0,3.0,0.0,-1425.4211629901429,-0.19434930558564412,1.0126022308079325,0.14603429437288395
3325,1420.4154068735122,0.649292387540875,0.10268267199251127,2.0,7.0,0.0,-1419.9645918885483,-0.26878509538010686,1.028424411972449,0.14584425860411446
3326,1423.694848763847,0.9807083175058784,0.13406260232242445,4.0,23.0,0.0,-1419.7973831789725,-0.1949156414525138,1.008590290974163,0.15110282349581092
3327,1426.9880591094482,0.9501240808683697,0.11295602182469806,4.0,31.0,0.0,-1425.6079325682356,-0.18479402585934476,1.0081607246282291,0.14521627935958079
3328,1425.6097778039607,0.5706200440918543,0.09999569550055215,3.0,15.0,0.0,-1422.0726471524931,-0.2025187926977103,1.0113748425111049,0.1482294748068982
3329,1423.9339925493098,0.9957128993663001,0.10268267199251127,2.0,7.0,0.0,-1420.9111818908339,-0.2594558319117607,1.0325723354671315,0.1455186667589101
3330,1424.6689787788455,0.9881044441126147,0.13406260232242445,3.0,7.0,0.0,-1423.4509950046106,-0.1827434883605955,1.0093777268692956,0.15168931590184312
3331,1426.814107283075,0.9262015144542487,0.11295602182469806,3.0,15.0,0.0,-1425.8141377642064,-0.1983389551128446,1.011107461389439,0.14500303374437973
3332,1425.9764407813407,0.8599334927194804,0.09999569550055215,4.0,23.0,0.0,-1422.9250877991603,-0.18873128293699423,1.0084832758134328,0.14146821104917162
3333,1425.6978507492292,0.9839221284769843,0.10268267199251127,2.0,3.0,0.0,-1423.6891113544218,-0.2614641858224161,1.0309849087526253,0.14520935627143552
3334,1424.160197348522,0.9922037032970137,0.13406260232242445,5.0,31.0,0.0,-1421.5055628380649,-0.1365949099335029,0.9955240939730691,0.14496285579036514
3335,1425.2435517519118,0.9947037036800543,0.11295602182469806,4.0,31.0,0.0,-1424.043093214402,-0.21350109621866997,1.0173200583809892,0.13906500393780213
3336,1424.5053960535142,0.6329548480134273,0.09999569550055215,1.0,3.0,0.0,-1423.2946166620761,-0.18337806487735944,1.0105236865473533,0.14148380987277195
3337,1425.4848756279607,0.9599394594702179,0.10268267199251127,2.0,7.0,0.0,-1425.3020680589173,-0.26188621482691876,1.0296962746100042,0.14506187423828218
3338,1421.201924152498,0.9487470323635585,0.13406260232242445,3.0,11.0,0.0,-1420.609302998281,-0.10896708158401387,0.9880940873534118,0.14593639882760698
3339,1423.7204311574872,0.7614747277981266,0.11295602182469806,2.0,7.0,0.0,-1422.1677645752532,-0.2185931950620026,1.01624514835312,0.13851224865269968
3340,1425.4682554968267,0.8161589845463685,0.09999569550055215,4.0,19.0,0.0,-1420.9796177638293,-0.20194922991249256,1.0157333869271439,0.1427634449652001
3341,1425.041869314543,0.9905477161863945,0.10268267199251127,3.0,15.0,0.0,-1424.2255457005394,-0.2639656507335702,1.0326152677741876,0.14483318525874395
3342,1422.1871163001958,0.9816172778224974,0.13406260232242445,4.0,15.0,0.0,-1420.4886500187972,-0.116651262109846,0.9894219967904039,0.148545231571868
3343,1424.7566161947968,0.84729043251264,0.11295602182469806,2.0,3.0,0.0,-1422.8274960381389,-0.21273388741513805,1.0164146330568695,0.1382385614484135
3344,1426.9092674351446,1.0,0.09999569550055215,1.0,3.0,0.0,-1425.8062009988103,-0.2052420642051325,1.0149837447013825,0.1427259791464836
3345,1425.0558189651276,0.999335361623577,0.10268267199251127,5.0,31.0,0.0,-1423.4740098560053,-0.2707614332677003,1.0329099367108279,0.14699942610641709
3346,1425.2179319673478,0.9862699249659985,0.13406260232242445,4.0,15.0,0.0,-1421.9377920497402,-0.15231994855512093,0.9990286001647091,0.14819620363421346
3347,1424.6041950383376,0.9642206272010165,0.11295602182469806,2.0,3.0,0.0,-1424.5144951229024,-0.21023779189227532,1.0164260926006154,0.13817533045373256
3348,1426.3957997832254,0.9996787364657186,0.09999569550055215,5.0,31.0,0.0,-1426.137197387706,-0.18046579421538464,1.0065300065085963,0.14815734751312962
3349,1424.5880312412933,0.8547261604370222,0.10268267199251127,1.0,3.0,0.0,-1424.1106084729538,-0.26745652983478235,1.0338294883507229,0.1470458622440552
3350,1425.9548455234715,0.9368543187897688,0.13406260232242445,5.0,31.0,0.0,-1424.2641831932433,-0.2322073958977627,1.020906824317191,0.14173416771263495
3351,1424.5180602071969,0.8716837942460144,0.11295602182469806,4.0,31.0,0.0,-1420.9740935026498,-0.2179190970628913,1.0166557672677405,0.13874625970125334
3352,1427.0107570935827,0.9986626553092105,0.09999569550055215,6.0,63.0,0.0,-1425.6478009936989,-0.18995056994480253,1.0104892281477567,0.14415369455164753
3353,1424.7546389655445,0.9826350678583998,0.10268267199251127,2.0,7.0,0.0,-1423.7770940571584,-0.27340151276325303,1.0345726578393086,0.1471678286293906
3354,1426.9839037895244,0.9095490103119226,0.13406260232242445,5.0,31.0,0.0,-1422.6650823933985,-0.18699728961391354,1.0086173098357432,0.14601795304221174
3355,1426.1105311412734,0.9685223206579947,0.11295602182469806,4.0,23.0,0.0,-1422.7951471643328,-0.24225023963837217,1.023548405963141,0.14603131875017766
3356,1427.1631009080472,0.9668407293093907,0.09999569550055215,5.0,63.0,0.0,-1426.4971634377225,-0.21623866210585835,1.0172042517434272,0.1437158906865659
3357,1424.9267342976632,0.9917102772088856,0.10268267199251127,2.0,3.0,0.0,-1424.6625160837402,-0.272905526133664,1.033673680315546,0.14694727648150402
3358,1425.6957526487097,0.7089199011914886,0.13406260232242445,3.0,11.0,0.0,-1424.3858400347226,-0.187611980659478,1.0074223349479396,0.14842863801669198
3359,1425.9608745529067,0.6015503377079375,0.11295602182469806,4.0,23.0,0.0,-1419.629482983637,-0.2201519306099764,1.020363081980483,0.14225859157578347
3360,1426.9651802435847,0.9640301283122185,0.09999569550055215,4.0,23.0,0.0,-1426.4657227726887,-0.20233507139007356,1.0124958742028929,0.14644479463221585
3361,1425.7106804026243,0.9997354794523254,0.10268267199251127,4.0,15.0,0.0,-1424.7173083330551,-0.26164909309379336,1.0308336729897807,0.14628695519710772
3362,1425.1261410868954,0.99658036014888,0.13406260232242445,4.0,31.0,0.0,-1422.6825144573613,-0.1643030735494295,1.004379828055218,0.147932276112854
3363,1424.4584885818726,0.9430667536560623,0.11295602182469806,4.0,15.0,0.0,-1422.4283149999774,-0.24154802455463675,1.0255017469410581,0.13895446795257985
3364,1426.9777217178307,0.9341494093061736,0.09999569550055215,3.0,11.0,0.0,-1426.1541124777175,-0.19971024753157865,1.0132110883636494,0.14779696929464878
3365,1422.8392876586843,0.6487869393149234,0.10268267199251127,2.0,3.0,0.0,-1421.4584218065584,-0.26683294365143945,1.0290016628210064,0.14600090510239144
3366,1424.740251518432,0.9983964180719587,0.13406260232242445,4.0,15.0,0.0,-1423.7501511508108,-0.14600377924480284,0.9963972893881706,0.1471281245163975
3367,1425.3452886308648,1.0,0.11295602182469806,5.0,31.0,0.0,-1424.4758262026887,-0.1967849968285143,1.0120925995696946,0.15194687676470583
3368,1423.4620109804598,0.7880852287637939,0.09999569550055215,5.0,31.0,0.0,-1422.1306202029618,-0.14707751824960805,0.9999784892037611,0.1482629266621776
3369,1423.057046982944,0.987499361011469,0.10268267199251127,5.0,31.0,0.0,-1421.5597489573163,-0.23786629043879692,1.0205225469072232,0.14150468760424795
3370,1424.7537528415323,0.8585764407595603,0.13406260232242445,5.0,47.0,0.0,-1422.630498982307,-0.2627109520615337,1.0291350841759692,0.14424037350579536
3371,1425.0495216644504,0.9101360632764159,0.11295602182469806,2.0,7.0,0.0,-1424.351189387974,-0.19434969259798482,1.012619512671372,0.15155469570979152
3372,1425.6385888756095,0.9938831729805243,0.09999569550055215,5.0,63.0,0.0,-1421.470008303414,-0.2017803006788192,1.0111685770866718,0.14811430962343297
3373,1424.7768537086968,0.999424554583275,0.10268267199251127,5.0,31.0,0.0,-1422.2674996207445,-0.25052939168210936,1.0286936770322208,0.1408628426497546
3374,1426.9241687702884,0.9348819826183087,0.13406260232242445,5.0,31.0,0.0,-1423.4662798556135,-0.2173584636981756,1.0189982630070105,0.1447558082804678
3375,1424.9505222096252,0.9499802597861305,0.11295602182469806,5.0,31.0,0.0,-1424.1650339026862,-0.18591466847269317,1.010190974594187,0.15143907125060357
3376,1425.9871737165076,0.9819450216971972,0.09999569550055215,4.0,31.0,0.0,-1424.290189568594,-0.1772723343398324,1.0065804574545465,0.14958123021996225
3377,1424.3722270756402,0.9721303479746197,0.10268267199251127,3.0,11.0,0.0,-1422.407938558419,-0.2557687475232605,1.0293331380612836,0.13978018764514324
3378,1427.0519442933112,0.655557401611988,0.13406260232242445,3.0,11.0,0.0,-1423.9012005293205,-0.20996089329571516,1.015463975161473,0.14293340430858267
3379,1425.4408574867493,1.0,0.11295602182469806,2.0,3.0,0.0,-1424.8980093849093,-0.18735761509174848,1.0091629083832117,0.1514709948502142
3380,1426.7921790935604,0.9801331440364289,0.09999569550055215,5.0,31.0,0.0,-1424.9387513327642,-0.2143797947683777,1.017698066947724,0.1483223602743303
3381,1423.9695209824797,0.8683707896094657,0.10268267199251127,4.0,15.0,0.0,-1423.057879512614,-0.2575662125245567,1.0313552753165647,0.14131482684514327
3382,1425.8638299371044,0.901293679641947,0.13406260232242445,4.0,19.0,0.0,-1424.831926189836,-0.22021908841112767,1.0198928274011794,0.1501127506669774
3383,1425.1871674252598,0.9988697282447527,0.11295602182469806,3.0,7.0,0.0,-1425.0458923436006,-0.18832228957310507,1.0095797736433312,0.15198121077843327
3384,1426.6539905447976,0.9272736112321529,0.09999569550055215,2.0,3.0,0.0,-1426.1619754217088,-0.2169539049826581,1.0169532935636494,0.14861944737186397
3385,1424.6579651474772,0.8905281009423212,0.10268267199251127,5.0,31.0,0.0,-1419.6132467686875,-0.26556471514490027,1.0308178535977146,0.1493979343087934
3386,1425.7395023969216,0.9932596663134011,0.13406260232242445,2.0,3.0,0.0,-1425.6978058886461,-0.224697697935826,1.0187208604084106,0.15021746983646983
3387,1423.9822545218651,0.9147831688544067,0.11295602182469806,5.0,31.0,0.0,-1422.0411323357046,-0.14270064499972762,0.9953723152971644,0.14232539801660893
3388,1424.9857874196596,0.7709358350891622,0.09999569550055215,4.0,31.0,0.0,-1420.1522943714701,-0.22337930690707353,1.017584274529379,0.15052460755802502
3389,1424.775263301336,0.8994188816220274,0.10268267199251127,5.0,63.0,0.0,-1421.126556485485,-0.23425684130590038,1.022828560386094,0.15247765277065534
3390,1424.8336028321485,0.9203139460799593,0.13406260232242445,2.0,7.0,0.0,-1424.7904276721251,-0.2205835063333294,1.0209456324012034,0.1505481672096291
3391,1426.557099106661,0.9998041984536291,0.11295602182469806,5.0,31.0,0.0,-1423.6748138509424,-0.21542024773049556,1.016680870901756,0.14916532941770527
3392,1425.7117882984764,0.9985297696212093,0.09999569550055215,2.0,7.0,0.0,-1424.4450896173212,-0.22076837726573217,1.0192126107165829,0.15119456312619461
3393,1422.6988930036896,0.9580236075459873,0.10268267199251127,5.0,31.0,0.0,-1419.350049548189,-0.28625329255323745,1.036670072816793,0.14139995571587066
3394,1425.8549062216325,0.9984051338143273,0.13406260232242445,4.0,27.0,0.0,-1424.1896942330857,-0.18729286650169188,1.0071332686138095,0.14536393892378513
3395,1426.3931729980732,0.9638279049867743,0.11295602182469806,2.0,7.0,0.0,-1426.018591676828,-0.21607090959635844,1.0169088816138956,0.149645220595239
3396,1426.0174513204624,0.7831238497478339,0.09999569550055215,5.0,63.0,0.0,-1422.2761765269343,-0.2540527137511219,1.0287286491023548,0.14717414795724076
3397,1426.392527419587,0.9999966503566161,0.10268267199251127,4.0,19.0,0.0,-1422.4788905042733,-0.241031575415052,1.0235373580440759,0.14482239103972763
3398,1426.7039490163597,0.6621815939341579,0.13406260232242445,2.0,3.0,0.0,-1423.229669891322,-0.1898748031112095,1.0087254310070548,0.14585763139639368
3399,1426.2591954961752,0.9608477087957751,0.11295602182469806,2.0,7.0,0.0,-1425.8437888512738,-0.21320774218384217,1.017967428518542,0.14904713132525213
3400,1423.6194909709002,0.975194364862748,0.09999569550055215,5.0,31.0,0.0,-1422.5959379335766,-0.2648869863132446,1.0316082956789985,0.13941073485042835
3401,1427.1724940027702,0.9658773082547715,0.10268267199251127,4.0,19.0,0.0,-1425.79865116253,-0.22512013343652665,1.0202023201617358,0.14603248116313564
3402,1426.9484897899945,0.9986553073798329,0.13406260232242445,4.0,23.0,0.0,-1423.7126232725154,-0.18332463087212314,1.0077455753220401,0.1452658399108114
3403,1426.4109227255815,0.998896194399281,0.11295602182469806,5.0,31.0,0.0,-1425.8162183099403,-0.23061702773897955,1.0210807897118932,0.14196091549938558
3404,1424.9308005691905,0.9842537996862304,0.09999569550055215,6.0,63.0,0.0,-1422.4728460492545,-0.1461769058277315,0.9968679743229039,0.14421254417001314
3405,1427.1256365596253,0.9146546820467143,0.10268267199251127,2.0,3.0,0.0,-1426.5508978751843,-0.22674247565396302,1.0203385351616125,0.1461376048706697
3406,1425.5993341475648,0.797389387665753,0.13406260232242445,5.0,31.0,0.0,-1424.7243144763859,-0.19001671957015068,1.0083033779020256,0.14950483626593067
3407,1425.779623596844,0.9438297774088104,0.11295602182469806,2.0,7.0,0.0,-1425.606450219986,-0.2295415960046515,1.0227936268776723,0.1415708938405467
3408,1426.636266378278,0.9886898798727667,0.09999569550055215,5.0,31.0,0.0,-1424.0485826252634,-0.19673399095663813,1.012598907446645,0.1421276559639807
3409,1426.647575730497,0.9664101382288427,0.10268267199251127,5.0,31.0,0.0,-1426.0575469290638,-0.21658767163189444,1.0171830401545516,0.1418131430190606
3410,1425.425667662245,0.9790463216930614,0.13406260232242445,2.0,3.0,0.0,-1425.2746869584998,-0.18350151481629243,1.0099515720712477,0.14928784415174776
3411,1425.524368900798,0.9651355067917378,0.11295602182469806,5.0,31.0,0.0,-1424.4012032476128,-0.22788916487358588,1.0191117248608768,0.1415971990984331
3412,1425.754518688911,0.9952252822135509,0.09999569550055215,3.0,15.0,0.0,-1424.6051679915633,-0.1983107961055983,1.0126603726154932,0.13985504463524176
3413,1427.0099665894365,0.9635603231041945,0.10268267199251127,4.0,31.0,0.0,-1424.4849239200028,-0.20384958617332793,1.0144032106790057,0.14294268832338244
3414,1424.0458777663341,0.8503943979859168,0.13406260232242445,5.0,31.0,0.0,-1422.2753933494864,-0.15484484216834615,1.002325906164478,0.1466682853223479
3415,1425.7447496508858,0.8734964125380256,0.11295602182469806,4.0,31.0,0.0,-1423.47746615274,-0.2142297743826698,1.0150957018364517,0.14192567891917157
3416,1427.18968918426,0.9935689417247111,0.09999569550055215,4.0,31.0,0.0,-1423.8117656604154,-0.2127423729864286,1.0170206954031442,0.14399934760743105
3417,1426.2280427599032,0.9644887886190209,0.10268267199251127,5.0,31.0,0.0,-1425.7633522436342,-0.18118820135002414,1.006782905844555,0.14204765761041294
3418,1423.6201409033072,0.9929369754813459,0.13406260232242445,5.0,31.0,0.0,-1423.047393572148,-0.16230414226119289,0.9992219980501997,0.14816012871416775
3419,1426.7162942986035,0.9578507835026909,0.11295602182469806,5.0,63.0,0.0,-1424.8233912711428,-0.23938824404241046,1.0246998670199525,0.1461042472996831
3420,1426.54505514824,0.7952057107927369,0.09999569550055215,3.0,11.0,0.0,-1425.387007448581,-0.22223929452437713,1.0207145948839025,0.1439426911121681
3421,1426.5631692893617,0.9655402609634292,0.10268267199251127,5.0,31.0,0.0,-1425.835087729642,-0.2137933530185473,1.0161196588774866,0.14907793574044775
3422,1424.531511374334,0.9977068466440829,0.13406260232242445,2.0,7.0,0.0,-1422.5590242103606,-0.1491981665212876,0.9994416545227636,0.14876948803643564
3423,1426.3772818057255,0.9309438326810663,0.11295602182469806,3.0,15.0,0.0,-1425.2769418331561,-0.24987537099511117,1.0270802581328653,0.14583490467698487
3424,1426.842374242778,0.9984013154311203,0.09999569550055215,5.0,63.0,0.0,-1426.2235228353402,-0.21265600923234315,1.016247379554579,0.14219374021541903
3425,1426.4313789819676,0.9701090073396866,0.10268267199251127,5.0,31.0,0.0,-1425.837503117127,-0.2269658091269462,1.0212845432288835,0.14186781765319942
3426,1426.216198833637,0.9984090544817759,0.13406260232242445,4.0,31.0,0.0,-1422.7511268699743,-0.1783057159234522,1.0074462285779293,0.14849593246890508
3427,1424.5495636258938,0.9388389255868655,0.11295602182469806,4.0,27.0,0.0,-1420.6599964482784,-0.148086472188991,0.9965891237330465,0.14386902303023993
3428,1426.5837567549586,0.47719476528241306,0.09999569550055215,2.0,3.0,0.0,-1421.712200352778,-0.21300252563952546,1.0179619034347167,0.14316769348838465
3429,1426.0131263229848,0.9501421112620918,0.10268267199251127,5.0,63.0,0.0,-1424.27914309102,-0.1729087973899666,1.005883689336624,0.14247062507606548
3430,1426.6078923638674,0.9100838411810417,0.13406260232242445,5.0,31.0,0.0,-1424.5709729395671,-0.21255410794736831,1.0177826716093887,0.1477594880681724
3431,1425.8108271470237,0.9982376058547172,0.11295602182469806,4.0,15.0,0.0,-1424.0753260590375,-0.15942960274500942,1.0010055971766003,0.1438276254238355
3432,1426.5018751930227,0.9467167414194146,0.09999569550055215,5.0,31.0,0.0,-1425.6271931202969,-0.2321948664217283,1.0234923254217558,0.14562410031399609
3433,1426.4875400391913,0.9997185894570393,0.10268267199251127,5.0,31.0,0.0,-1425.463143421135,-0.19289187087709952,1.0106925199643524,0.1415424397478688
3434,1427.2340465022921,0.8315530405846019,0.13406260232242445,3.0,11.0,0.0,-1424.945115440554,-0.21486988878626773,1.0166426817216065,0.14608652852805995
3435,1423.811807582455,0.671444373879555,0.11295602182469806,2.0,3.0,0.0,-1422.7638332384497,-0.15656994283106568,1.002992635034264,0.14414538359600212
3436,1425.4839754400264,0.9973186531033867,0.09999569550055215,4.0,15.0,0.0,-1425.016761184714,-0.25230813493783527,1.0267059672481151,0.142679290889072
3437,1426.8221787057794,0.9962846754316017,0.10268267199251127,5.0,63.0,0.0,-1425.9869637876936,-0.18008177590089194,1.0068541189277216,0.1445513516029594
3438,1427.0712353980105,0.7776219404835012,0.13406260232242445,4.0,19.0,0.0,-1425.5605251483883,-0.19482647917877716,1.0121328710166095,0.14478892933936757
3439,1426.2670289863354,0.9419997085797124,0.11295602182469806,3.0,15.0,0.0,-1419.4993433415348,-0.16727689819231578,1.0029426763792875,0.1448260418223478
3440,1426.0085498949902,0.9890684881721462,0.09999569550055215,2.0,3.0,0.0,-1425.47909890425,-0.24949118000984075,1.0273785573749157,0.14270972753247166
3441,1424.943052692824,0.9732198185035836,0.10268267199251127,5.0,47.0,0.0,-1423.8573172844142,-0.27007903693740093,1.0331686087494187,0.14333920465030728
3442,1425.5059558369412,0.9556329041386548,0.13406260232242445,4.0,31.0,0.0,-1424.9555614692233,-0.21795489384857242,1.0167659002677902,0.14020760014303
3443,1423.2166806336647,0.9579669807728344,0.11295602182469806,4.0,15.0,0.0,-1423.0232965705943,-0.1583957301193022,0.99966000023447,0.13898253645227818
3444,1424.469025724283,0.8736507530393002,0.09999569550055215,3.0,11.0,0.0,-1423.748923858398,-0.2572323418489585,1.030613579134758,0.14098333733013363
3445,1427.1979034347787,0.9896682178232397,0.10268267199251127,5.0,31.0,0.0,-1424.2945142434448,-0.216254587543082,1.0179704087226549,0.1441335735141523
3446,1425.502069176196,0.6811829278060575,0.13406260232242445,3.0,11.0,0.0,-1422.5655265577348,-0.2291104044333277,1.0192045636642357,0.1424356123967768
3447,1422.3762746150571,0.7264617624110222,0.11295602182469806,4.0,15.0,0.0,-1419.2262667540963,-0.16036262144356175,1.0014119083133641,0.13715958965395997
3448,1426.3597954542283,0.9352371900169357,0.09999569550055215,5.0,31.0,0.0,-1422.4426592617895,-0.17073673538125367,1.0038345241852926,0.14650146407732612
3449,1426.5412245194577,0.8884447729514027,0.10268267199251127,4.0,23.0,0.0,-1425.2709873225929,-0.2390890180707733,1.0230845457684647,0.1452408588179576
3450,1426.24697840504,1.0,0.13406260232242445,1.0,1.0,0.0,-1425.6186451231697,-0.22744917515383897,1.0194303918519587,0.1425046539184625
3451,1426.617187259586,0.9570017143143886,0.11295602182469806,5.0,31.0,0.0,-1421.260704952274,-0.2334880905996711,1.0232760527945237,0.1475264573904237
3452,1426.0800293493965,0.9776856415491301,0.09999569550055215,5.0,31.0,0.0,-1425.8113285448837,-0.16741539646614922,1.002533575623563,0.14485455279947354
3453,1423.6405747125634,0.9411747221331354,0.10268267199251127,5.0,31.0,0.0,-1420.8359595558866,-0.18690395783652045,1.0101528150236756,0.1539543587492043
3454,1425.490853145229,0.8882414527763574,0.13406260232242445,2.0,7.0,0.0,-1424.6305802716104,-0.2293383792649511,1.0191378396454398,0.14298939026390625
3455,1426.8716419739185,0.9643509356366728,0.11295602182469806,4.0,31.0,0.0,-1425.3928344678193,-0.20795330282219485,1.0164299688251806,0.1461238269786865
3456,1426.8045954156557,0.9917862878411066,0.09999569550055215,5.0,31.0,0.0,-1424.7000750655461,-0.19251195965751122,1.00989276574977,0.14746073970987952
3457,1423.187303158675,0.9656901140527897,0.10268267199251127,5.0,63.0,0.0,-1421.8099640792045,-0.1776475371935186,1.0046574535214872,0.15344167125328062
3458,1426.4941492727496,0.9751708191826955,0.13406260232242445,2.0,7.0,0.0,-1424.916245950904,-0.22443639218804562,1.0207286642739468,0.14212527869797917
3459,1425.8890713242074,0.595420336119007,0.11295602182469806,2.0,3.0,0.0,-1423.3312112989063,-0.20464660851845506,1.0164849250921122,0.14541445837087086
3460,1426.3331798784875,0.6906063063383342,0.09999569550055215,3.0,15.0,0.0,-1423.3177572354903,-0.20106950419148772,1.0150565550920423,0.14544993940144443
3461,1425.8174386784656,0.9200089073799635,0.10268267199251127,4.0,31.0,0.0,-1421.596877587386,-0.1929504134496634,1.0129973310629228,0.1470255291205435
3462,1424.4281551505333,0.9841779141694172,0.13406260232242445,5.0,31.0,0.0,-1422.4038577570414,-0.14041583298852203,0.9961820451213077,0.14358129284551882
3463,1424.631253369498,0.9200264574307156,0.11295602182469806,3.0,15.0,0.0,-1423.908612955249,-0.1887824854673312,1.0126140276852718,0.14472475311003455
3464,1425.948673977434,0.9932536056806708,0.09999569550055215,4.0,19.0,0.0,-1425.4625842596736,-0.1855658570278341,1.0106952307860844,0.1461677763754382
3465,1426.640832134032,0.999965553549234,0.10268267199251127,3.0,11.0,0.0,-1425.6028731432891,-0.19561435375294414,1.0130730804938974,0.1448061121422082
3466,1425.6577873525016,0.607221677563943,0.13406260232242445,3.0,15.0,0.0,-1420.5358648856406,-0.1610932372359392,1.0005975160740745,0.14659646751513075
3467,1425.031039399006,1.0,0.11295602182469806,2.0,3.0,0.0,-1424.1913389601673,-0.19792695182343412,1.0095104556176144,0.14417548993617182
3468,1425.922762185986,0.6869094110883126,0.09999569550055215,3.0,11.0,0.0,-1421.8645431196142,-0.17480727580710498,1.0041141954322976,0.14706941963907932
3469,1426.014452291563,0.7972328818071343,0.10268267199251127,4.0,27.0,0.0,-1423.5454749952153,-0.21076982014496773,1.018109006776476,0.14651028321291182
3470,1426.254257617512,0.9997618129118364,0.13406260232242445,4.0,31.0,0.0,-1424.0643446753115,-0.1722151922293171,1.005690534946578,0.1473378788771801
3471,1423.5808874378026,0.9794182266073519,0.11295602182469806,5.0,31.0,0.0,-1421.4499964002048,-0.2502121771169475,1.0291274750456834,0.13958101293203629
3472,1425.0539413273762,0.9231767665424782,0.09999569550055215,5.0,31.0,0.0,-1423.2819098882917,-0.17732397009212536,1.0052715445202782,0.15106562356215095
3473,1425.5409542408374,0.9985480637309907,0.10268267199251127,4.0,19.0,0.0,-1420.8464993010248,-0.21794257830831568,1.0179451415782867,0.15165230047037315
3474,1426.199805627693,0.9936869491730249,0.13406260232242445,5.0,31.0,0.0,-1425.6128527178316,-0.18815029817975953,1.0103656524947395,0.1492912576147253
3475,1422.7375771693405,0.9585387606254364,0.11295602182469806,4.0,15.0,0.0,-1422.5430213861819,-0.2561146244085114,1.0270020394017083,0.13902336981374427
3476,1425.945509883036,0.9999660761425311,0.09999569550055215,4.0,15.0,0.0,-1425.0089501180744,-0.1748194386336931,1.00633633636852,0.14913231540581046
3477,1426.3690242363477,0.9458213331745554,0.10268267199251127,5.0,31.0,0.0,-1424.244575047813,-0.2443433023127815,1.0260378659681393,0.14754589136527155
3478,1426.7562517907195,0.9375821557685234,0.13406260232242445,3.0,11.0,0.0,-1425.530795842014,-0.1913350260523891,1.0097912062407486,0.1480115910493392
3479,1422.226570121217,0.9955571828389539,0.11295602182469806,4.0,15.0,0.0,-1420.828527443351,-0.26329047719343884,1.0319489679312928,0.13774384697083564
3480,1424.7911774054655,0.7949288763541129,0.09999569550055215,5.0,31.0,0.0,-1422.1592640638937,-0.16951743752830362,1.005830047677002,0.14136661016602436
3481,1425.6556106599858,0.8130010523968942,0.10268267199251127,5.0,31.0,0.0,-1424.3252280144147,-0.22087777855289517,1.020861865490646,0.14879552157260717
3482,1426.8497520139347,0.9112636217459212,0.13406260232242445,4.0,23.0,0.0,-1424.2338379620637,-0.19632959795714744,1.0123989123767128,0.1427838096282603
3483,1422.6761126244699,0.9648698304725557,0.11295602182469806,5.0,31.0,0.0,-1421.4280044894265,-0.16547301143568033,1.0042054685897897,0.1541561030468602
3484,1423.8367137345479,0.9384584266530132,0.09999569550055215,5.0,31.0,0.0,-1422.501528938604,-0.14305796434171078,0.9984030207936851,0.14445694500893635
3485,1426.1187758908152,0.9242448088121921,0.10268267199251127,5.0,47.0,0.0,-1423.2922798380375,-0.16575959030598972,1.0023537716586766,0.14644455839132514
3486,1426.2359437039597,0.9720465265234084,0.13406260232242445,5.0,31.0,0.0,-1425.9989433876121,-0.24124194306120425,1.0242303413541913,0.14856028402114613
3487,1426.230273934654,0.9611040584366319,0.11295602182469806,5.0,31.0,0.0,-1422.0105813772059,-0.18171515238280087,1.0061135952331122,0.14660796803043644
3488,1424.9135206957917,1.0,0.09999569550055215,2.0,3.0,0.0,-1423.9814976119385,-0.14632191572391792,0.9981939525157547,0.14442032181817083
3489,1424.6535084375657,0.9577572840550334,0.10268267199251127,5.0,31.0,0.0,-1424.0460468025096,-0.15538058584315834,0.9990254369107883,0.14166380271424345
3490,1426.0981575959331,0.9051263893331377,0.13406260232242445,2.0,3.0,0.0,-1425.8590908738863,-0.2385787533173464,1.0249938336140338,0.1485349727850254
3491,1426.4663598820537,0.9988978914029567,0.11295602182469806,5.0,31.0,0.0,-1425.8025075621506,-0.17351718982733283,1.0045858149118225,0.14450092556978056
3492,1427.2845167693486,0.997980204155936,0.09999569550055215,4.0,23.0,0.0,-1424.0679322593328,-0.20639917503819485,1.015179136361199,0.14557005733194256
3493,1423.7279625942022,0.9991490299760692,0.10268267199251127,3.0,15.0,0.0,-1423.3240896596985,-0.14572638134051014,0.9976466774875673,0.1405030195774461
3494,1426.5595474318409,0.9783213771057022,0.13406260232242445,5.0,63.0,0.0,-1424.5217775717774,-0.2050477080969235,1.013107841469847,0.14822604373405546
3495,1425.8281784483768,0.8803896638391877,0.11295602182469806,3.0,11.0,0.0,-1425.040167817377,-0.16030262936791287,1.0021728220975363,0.14447569215933023
3496,1427.1640191296708,0.9877634699442809,0.09999569550055215,4.0,27.0,0.0,-1427.060487243159,-0.21035632340310312,1.0150477308660213,0.14573474057343785
3497,1425.291007514677,1.0,0.10268267199251127,5.0,31.0,0.0,-1423.1970847249743,-0.14919537830136578,0.9986550827938582,0.14530390039223556
3498,1424.6093450901396,0.7174033319392137,0.13406260232242445,3.0,15.0,0.0,-1423.5190222800702,-0.19100372290501266,1.0073075294036296,0.14688951470107647
3499,1426.759235888223,0.9924618018701435,0.11295602182469806,5.0,47.0,0.0,-1425.265997769651,-0.23046694325653905,1.0226866237733547,0.14559605879518897
3500,1426.818031618168,0.9800161772577942,0.09999569550055215,4.0,27.0,0.0,-1426.1055344009299,-0.2274943564945633,1.0198068197483194,0.146670465885331
3501,1422.3790568786153,0.9930508128593218,0.10268267199251127,5.0,31.0,0.0,-1417.8436866025238,-0.20218912267862235,1.0136978771278715,0.15617649010487217
3502,1425.0294349370556,0.9859772864391515,0.13406260232242445,4.0,23.0,0.0,-1422.9524263953654,-0.232745305650692,1.0200361864191665,0.14209040179628518
3503,1425.0282631213636,0.9492990716105781,0.11295602182469806,5.0,31.0,0.0,-1423.905682135226,-0.19414506220345001,1.0115605879958287,0.1523837156936794
3504,1426.733732506752,0.950252507610691,0.09999569550055215,3.0,15.0,0.0,-1425.7531696758915,-0.23253813123613698,1.023121130958258,0.14655842098287933
3505,1425.5643833668896,0.98236844201256,0.10268267199251127,4.0,23.0,0.0,-1421.7847929132972,-0.2083433463395351,1.0151500693172868,0.15168701251275102
3506,1425.2116362065017,0.9874331412640499,0.13406260232242445,4.0,31.0,0.0,-1422.761573181419,-0.2199491214775872,1.0208132721768346,0.1494548484543696
3507,1424.8547626039738,0.9643396324761907,0.11295602182469806,4.0,31.0,0.0,-1422.2374362266078,-0.19681541844915262,1.0129566636173368,0.13890101707108687
3508,1427.2291773065022,0.9999301254045689,0.09999569550055215,3.0,15.0,0.0,-1426.5747467315755,-0.2232028145642248,1.0196214855636443,0.1451991914103082
3509,1424.842300928155,0.8837241769930847,0.10268267199251127,5.0,31.0,0.0,-1424.2349262489374,-0.22554337671834615,1.02194827512031,0.14002059717642956
3510,1426.4388067388563,0.9970603341638069,0.13406260232242445,2.0,7.0,0.0,-1425.2557450043912,-0.22172679851274846,1.0183954466012108,0.14921695788184533
3511,1426.1138187395147,1.0,0.11295602182469806,5.0,31.0,0.0,-1424.251077195791,-0.17705412459471825,1.0072308325213686,0.1425170707490945
3512,1425.996818568202,0.8395544746380151,0.09999569550055215,3.0,15.0,0.0,-1425.7175278666232,-0.219142695499997,1.0163525666236857,0.14370486090052087
3513,1426.107972844732,0.9532555343909733,0.10268267199251127,5.0,31.0,0.0,-1423.6405919457031,-0.20559352989716181,1.0136265942485205,0.14080161519794093
3514,1426.0428636638455,0.8782495334024246,0.13406260232242445,4.0,27.0,0.0,-1424.8938923101662,-0.20720541752829347,1.0147370129901907,0.15072022407950278
3515,1427.1136683828001,0.9999030486488669,0.11295602182469806,4.0,31.0,0.0,-1425.8554390562078,-0.2043952380257996,1.0150354334533722,0.14546050798591986
3516,1426.5226296327896,0.6100016281198869,0.09999569550055215,3.0,11.0,0.0,-1421.4560509128726,-0.21464209659337047,1.0181659667134693,0.14225856882697557
3517,1427.0636380595488,0.9965533927694071,0.10268267199251127,4.0,31.0,0.0,-1424.4883166188176,-0.20848522006876927,1.0144434270009663,0.14408551775284492
3518,1425.8656378732405,0.8884511064456092,0.13406260232242445,4.0,31.0,0.0,-1424.5185460667744,-0.22812814895645891,1.0222435033705637,0.14963445690819346
3519,1427.1972699019136,0.970542189158488,0.11295602182469806,2.0,3.0,0.0,-1426.843013201543,-0.2091815326247367,1.014768610055169,0.1453967021230668
3520,1424.8422288003603,0.9720048370960476,0.09999569550055215,4.0,15.0,0.0,-1424.1330006608916,-0.23619661296151956,1.0221807430877397,0.13954788403090046
3521,1426.3813843520627,0.9788049548940494,0.10268267199251127,5.0,63.0,0.0,-1425.653694330325,-0.18092524829424672,1.008520990397156,0.14351609351098196
3522,1425.7576403193718,0.9752213098832141,0.13406260232242445,5.0,31.0,0.0,-1425.101061439121,-0.22025017014170314,1.019702669920314,0.14042522509375663
3523,1425.5062373335372,0.8739183392565454,0.11295602182469806,4.0,31.0,0.0,-1424.666011726129,-0.17549214877908123,1.003815674080053,0.1467280596469343
3524,1425.590430662248,0.9471035110086642,0.09999569550055215,4.0,15.0,0.0,-1424.0239176258826,-0.22955234690474602,1.0211964568920586,0.13989208665245595
3525,1426.7931234437144,0.97426734826481,0.10268267199251127,2.0,3.0,0.0,-1426.1056405809554,-0.18249954108065383,1.0082448218814957,0.14378981869981675
3526,1426.6430172019259,0.9509987410442257,0.13406260232242445,5.0,31.0,0.0,-1425.3169299606627,-0.2101938954348057,1.0173322529454334,0.14440766153945755
3527,1426.2135332228427,0.9995947971997823,0.11295602182469806,4.0,31.0,0.0,-1423.8425999497085,-0.18753380834648906,1.0077105579052528,0.1435689177455539
3528,1425.1191967855007,0.958346031896044,0.09999569550055215,5.0,63.0,0.0,-1422.684923838075,-0.1472686361944636,0.9973877244994078,0.1465995941037071
3529,1426.443636009611,0.9965683102585831,0.10268267199251127,5.0,63.0,0.0,-1425.8756867125878,-0.20353900940390005,1.0132719092398876,0.14136064809596818
3530,1426.3134702765187,0.9696701694092308,0.13406260232242445,2.0,3.0,0.0,-1426.1840601562362,-0.21799121555101655,1.016214583019185,0.14436544738758655
3531,1426.957121408538,0.991924590543912,0.11295602182469806,3.0,11.0,0.0,-1426.090364498006,-0.1970732533607385,1.011040971141986,0.14447375850180935
3532,1426.0512965390367,0.9964302170530639,0.09999569550055215,5.0,31.0,0.0,-1424.8795646242318,-0.16657232422045548,1.0028478235771892,0.1477243886902611
3533,1426.3737507119704,0.999901930159174,0.10268267199251127,2.0,3.0,0.0,-1426.3643765496201,-0.20067944199878635,1.013646697199084,0.1412094618534564
3534,1427.0139613418617,0.9962491186890295,0.13406260232242445,4.0,31.0,0.0,-1423.4845567941586,-0.19509882502581202,1.0120597010235508,0.147051188885907
3535,1425.8537112314923,0.9745926327955224,0.11295602182469806,4.0,19.0,0.0,-1425.4259743899652,-0.17083226313838154,1.004500911418557,0.14173511965882246
3536,1425.6558471720527,0.9976097769366767,0.09999569550055215,5.0,31.0,0.0,-1424.8350067674116,-0.15566121003649522,0.99959187897357,0.14564521502613983
3537,1425.97234989332,0.9712224606892571,0.10268267199251127,2.0,3.0,0.0,-1425.9228776928687,-0.2021595963484382,1.0122338735777572,0.14111650033835163
3538,1426.7908473111486,0.9996708662117508,0.13406260232242445,4.0,31.0,0.0,-1426.1572186721799,-0.1966764472946536,1.0112554127342948,0.14266442604443966
3539,1424.4248176783701,0.9598864974960883,0.11295602182469806,5.0,63.0,0.0,-1423.8754978121376,-0.2690039613455718,1.0337739147686638,0.1490559951269345
3540,1425.7991503693631,0.8249301148215719,0.09999569550055215,5.0,63.0,0.0,-1422.6957071580264,-0.21433512631026183,1.0165202880737338,0.13992765680102331
3541,1426.5826480614803,0.9986971957458759,0.10268267199251127,5.0,31.0,0.0,-1425.1001861682882,-0.1734609647826278,1.0048750338455772,0.14602706019357012
3542,1426.5073683001874,0.8298504850549324,0.13406260232242445,2.0,7.0,0.0,-1425.7135347302767,-0.19748824886699334,1.013515191021805,0.14312559325528254
3543,1424.7817086616728,0.9993638352024047,0.11295602182469806,5.0,31.0,0.0,-1421.7086428173936,-0.2256342063611596,1.0193983008903553,0.15249597530861
3544,1424.6925448328805,0.8940834897167363,0.09999569550055215,5.0,31.0,0.0,-1423.8973315986852,-0.2355986090664441,1.0216505438584855,0.13971993942804234
3545,1424.773667762906,0.96814547680623,0.10268267199251127,5.0,31.0,0.0,-1424.0197745394073,-0.19375400193481052,1.0100041409916873,0.1523577740108883
3546,1425.455061278199,0.6699743037737748,0.13406260232242445,3.0,11.0,0.0,-1423.4713678374762,-0.20278286971091203,1.011119903543456,0.1445877535413664
3547,1426.881604241648,0.9501690289625055,0.11295602182469806,5.0,31.0,0.0,-1424.0146474955109,-0.19980947013676031,1.0117894186468956,0.14702009758832835
3548,1425.218306402265,1.0,0.09999569550055215,2.0,7.0,0.0,-1424.6619965687366,-0.23426665665232455,1.022327894610181,0.13955092520753493
3549,1425.5655580241141,0.9965558937123441,0.10268267199251127,5.0,63.0,0.0,-1424.190849977423,-0.20997418074306196,1.0160807874358833,0.15163382244619703
3550,1424.2517803878313,0.8316521762650515,0.13406260232242445,2.0,3.0,0.0,-1423.798522493939,-0.19763657215546312,1.0154686957247052,0.14490863910824783
3551,1426.8684650645857,0.9290135987363333,0.11295602182469806,3.0,11.0,0.0,-1426.0236393604694,-0.19792913894771194,1.0114463096255601,0.14754860455904678
3552,1424.689738086039,0.9997138653922153,0.09999569550055215,3.0,11.0,0.0,-1424.1063023765257,-0.23611767058378028,1.023624541642701,0.13883807206304247
3553,1426.462169931601,0.9559355518910801,0.10268267199251127,4.0,15.0,0.0,-1425.0060507078565,-0.22277992900044,1.0181154629184628,0.14799235198111377
3554,1425.0521915368313,1.0,0.13406260232242445,2.0,3.0,0.0,-1424.2787483426694,-0.2050407950415049,1.0114800623007678,0.1448653560696025
3555,1426.7064832486753,0.9064568513528548,0.11295602182469806,2.0,3.0,0.0,-1426.055455431956,-0.19584611517654169,1.010609124707271,0.14759850911049385
3556,1427.2692594699208,0.9989702917201125,0.09999569550055215,4.0,19.0,0.0,-1423.227762398631,-0.21242991185593305,1.0167172285804926,0.1463963986090963
3557,1425.593330919734,0.9961217296374627,0.10268267199251127,5.0,31.0,0.0,-1425.3155764157632,-0.1869823486168568,1.0076798703580827,0.14121674379797683
3558,1425.560846332394,0.8484515510871455,0.13406260232242445,4.0,23.0,0.0,-1422.1777974381619,-0.22170970276689236,1.016651691675592,0.1460453461814385
3559,1426.9165767082693,0.9249988590863472,0.11295602182469806,4.0,27.0,0.0,-1424.7328224259677,-0.21634388285299475,1.0177426604674649,0.1424932765721812
3560,1427.0205946052238,0.9829665631466061,0.09999569550055215,4.0,31.0,0.0,-1426.5221947382486,-0.22677813713107953,1.020698993248604,0.14708841270159836
3561,1427.3350539704913,0.9992692359177108,0.10268267199251127,5.0,31.0,0.0,-1425.0103396557631,-0.21231566213425412,1.0165803769666761,0.14547855507293111
3562,1426.6914542482334,0.8130609311799386,0.13406260232242445,2.0,3.0,0.0,-1423.7116895243203,-0.21976133971546793,1.019921638482221,0.1465371950054461
3563,1426.055262437623,0.9950200737560486,0.11295602182469806,4.0,31.0,0.0,-1425.3408926395384,-0.1931868507520329,1.0105623950200553,0.15035957031003483
3564,1424.195853056001,0.7307629340239806,0.09999569550055215,4.0,23.0,0.0,-1423.1333083467246,-0.18640763423147907,1.0060524286476817,0.14258442005164731
3565,1424.093612723618,0.9861521298794399,0.10268267199251127,4.0,31.0,0.0,-1422.8869865740203,-0.16342063113854588,1.0023413476052092,0.1390908624664763
3566,1423.7265413145872,0.7121529017038626,0.13406260232242445,3.0,15.0,0.0,-1418.7835757166513,-0.23307204662976155,1.0191953683893586,0.14903530046754673
3567,1427.0876882365194,0.9966329616412348,0.11295602182469806,4.0,31.0,0.0,-1425.0002801021235,-0.19004730825835411,1.0104235810631308,0.14473068205666528
3568,1426.2991271611986,0.8237855967773338,0.09999569550055215,2.0,3.0,0.0,-1423.460506275723,-0.18096689767737437,1.0081771656453167,0.14238062471167354
3569,1425.9139738003914,0.9908083920726402,0.10268267199251127,5.0,31.0,0.0,-1423.2880440188926,-0.1691135151035966,1.0038106234750188,0.14887101938310857
3570,1426.080565673511,1.0,0.13406260232242445,2.0,3.0,0.0,-1423.6988732963234,-0.2289943554801488,1.022211393700769,0.1494667856133885
3571,1426.3062663268797,0.7996416419047531,0.11295602182469806,2.0,3.0,0.0,-1425.46017745142,-0.18856230411614647,1.0112900262134803,0.14509349573995908
3572,1425.1873577420404,0.9058727007979019,0.09999569550055215,5.0,63.0,0.0,-1423.7718531883288,-0.24726251322215326,1.0246889650765456,0.14248588643726837
3573,1421.967117706053,0.9953938315848633,0.10268267199251127,5.0,31.0,0.0,-1421.1753836381486,-0.15169845283879843,0.9988925800538696,0.1373557692113049
3574,1426.9649657545235,0.9995150306404603,0.13406260232242445,4.0,31.0,0.0,-1425.1186678678112,-0.20322294414739842,1.0135929716711642,0.1481198692999288
3575,1426.3007970826352,0.96588150950566,0.11295602182469806,4.0,31.0,0.0,-1425.365283398004,-0.17549070733807434,1.0070588950765627,0.14584982788210812
3576,1426.6821010864774,0.9996773400639551,0.09999569550055215,5.0,31.0,0.0,-1424.5828653912713,-0.2300661981899853,1.0209422361059828,0.14802564306403274
3577,1426.788391376618,0.9407876707314027,0.10268267199251127,5.0,31.0,0.0,-1420.9285495602592,-0.20194709347485285,1.012936550622161,0.14224986026667696
3578,1426.6814515961596,0.8797002047333411,0.13406260232242445,2.0,3.0,0.0,-1426.3549491530753,-0.20273768380634843,1.0125953961150196,0.14805911347068426
3579,1427.1541542614596,0.9495564133343521,0.11295602182469806,4.0,23.0,0.0,-1424.5732852218905,-0.19870454292420597,1.0122884872465605,0.14698733272023215
3580,1426.3551652056385,0.9751845999442827,0.09999569550055215,5.0,31.0,0.0,-1425.7843111280392,-0.24354392135590455,1.0262184550244706,0.1469404895815932
3581,1427.0292867536841,0.9972015257115815,0.10268267199251127,4.0,31.0,0.0,-1423.2347787348945,-0.2053613014433695,1.013983763160241,0.1477266920782961
3582,1424.858229231332,0.7748535125853484,0.13406260232242445,3.0,15.0,0.0,-1424.4604828160911,-0.1900155645451538,1.0127821197606564,0.1474298073294807
3583,1427.0361702155167,0.9983512784409285,0.11295602182469806,5.0,63.0,0.0,-1426.7315368712468,-0.21284732726635283,1.016529210345991,0.14790436703407261
3584,1425.8622209215014,0.8782780622208256,0.09999569550055215,5.0,31.0,0.0,-1423.5959979689014,-0.22717694754951656,1.0209232307336118,0.14030671085511195
3585,1426.7252952877868,0.999533122215241,0.10268267199251127,6.0,63.0,0.0,-1426.1711582937703,-0.17581992402542707,1.0058578159517853,0.14506210981105372
3586,1424.858229231332,0.18518132104891843,0.13406260232242445,1.0,1.0,0.0,-1420.5618332409642,-0.1900155645451538,1.0127821197606564,0.1474298073294807
3587,1426.4446820948287,0.9117131515847997,0.11295602182469806,4.0,31.0,0.0,-1426.0558295423052,-0.19786970516457097,1.0137458711056395,0.14762790521559604
3588,1425.2423248493362,0.6175467629771252,0.09999569550055215,4.0,19.0,0.0,-1422.065057071766,-0.23433035034410518,1.0203486607544314,0.14744073381305914
3589,1426.6715024878545,0.9972876885969783,0.10268267199251127,6.0,63.0,0.0,-1425.0984590553956,-0.20701595383258692,1.0146985343223112,0.14164593754163196
3590,1426.419245714244,0.9985956918377282,0.13406260232242445,5.0,31.0,0.0,-1421.8592144468412,-0.24887196533218311,1.026912990353429,0.14491669618945074
3591,1425.2658539945066,0.892837312180103,0.11295602182469806,3.0,15.0,0.0,-1421.7843882268678,-0.18047992896131662,1.0092146133318078,0.142115010272257
3592,1426.5450527576738,0.9452018718504933,0.09999569550055215,4.0,19.0,0.0,-1424.273991045281,-0.2434196838170971,1.0251929840485066,0.1470001161625091
3593,1426.6754511225497,0.9491475947746084,0.10268267199251127,5.0,31.0,0.0,-1425.4729572715617,-0.23064884902459426,1.0228487564739468,0.14591507959298256
3594,1425.373900902175,0.9898537358810919,0.13406260232242445,5.0,31.0,0.0,-1424.6683521288232,-0.229516751978947,1.0218415838072217,0.13963604468106977
3595,1426.2572381984687,1.0,0.11295602182469806,2.0,7.0,0.0,-1425.1463071842854,-0.18258006904986301,1.0083844102117,0.14180971138890958
3596,1427.2751414748218,0.9970901440832299,0.09999569550055215,4.0,31.0,0.0,-1423.5452350504095,-0.20010114144104,1.0125588082127646,0.14540923401778935
3597,1426.7988529562663,0.8780741842140479,0.10268267199251127,2.0,3.0,0.0,-1425.5027227890819,-0.2340134089351031,1.0218987733247804,0.1462886010304882
3598,1425.1559645022712,0.9481568594170817,0.13406260232242445,3.0,7.0,0.0,-1424.8730971207713,-0.22928874548617767,1.0215095740153108,0.1391833057608163
3599,1426.18287964478,0.9606734623193236,0.11295602182469806,5.0,63.0,0.0,-1425.3732505415978,-0.20255758170872049,1.0148246550178621,0.1415371030340468
3600,1426.9553210882834,0.9859203681379872,0.09999569550055215,5.0,31.0,0.0,-1426.3617697804632,-0.20472087428923733,1.0144450066866846,0.1425590853474696
3601,1426.5694536918631,0.9999361096342988,0.10268267199251127,5.0,31.0,0.0,-1426.3947623235101,-0.23937359608121428,1.0249257824210596,0.14407624396952368
3602,1426.9366225401795,0.9986982214381245,0.13406260232242445,4.0,15.0,0.0,-1424.9057830853255,-0.23433572113048198,1.023106156429886,0.14551000259415436
3603,1426.5009916595977,0.9996684651420045,0.11295602182469806,3.0,7.0,0.0,-1426.155374020991,-0.20792228402462054,1.0147314522060011,0.14130949737994014
3604,1425.6105882429108,0.9187785898160988,0.09999569550055215,6.0,63.0,0.0,-1424.9183315327198,-0.15606419119946383,1.000979167078143,0.1462080333505618
3605,1426.6514482650325,0.9467996578792198,0.10268267199251127,5.0,63.0,0.0,-1425.6706641353198,-0.17638341920682768,1.0059082371567525,0.14681994402574677
3606,1425.6267274159734,0.8026713962221959,0.13406260232242445,4.0,19.0,0.0,-1423.5024684671394,-0.24775018223429013,1.0248247480009303,0.14561992184189362
3607,1426.8329502882107,0.9646106408812549,0.11295602182469806,5.0,63.0,0.0,-1425.0177602926633,-0.2380390176872072,1.0236293634356626,0.14471684026754478
3608,1426.2329743249056,0.9516198407592177,0.09999569550055215,4.0,15.0,0.0,-1425.0409385776572,-0.1721428100814987,1.0059034302045597,0.1443279856614034
3609,1425.8506272117904,0.8866401725797607,0.10268267199251127,2.0,7.0,0.0,-1425.523329590901,-0.17403856647879531,1.0070925212593655,0.14643421381342378
3610,1425.5980412977412,1.0,0.13406260232242445,2.0,3.0,0.0,-1425.343826426379,-0.2434733712446485,1.0272932760911329,0.1452546307875551
3611,1426.9232763098119,0.9730736840532068,0.11295602182469806,3.0,15.0,0.0,-1426.3414793493666,-0.231855818743391,1.0213540506464227,0.1455464703770099
3612,1425.740033081631,0.9994297738706186,0.09999569550055215,4.0,31.0,0.0,-1422.9074562623996,-0.2593787166276394,1.029481206943426,0.14411049569985235
3613,1423.2194938729785,0.9746688136833124,0.10268267199251127,5.0,31.0,0.0,-1421.8630233537194,-0.18228812891828555,1.009373143148418,0.13781953674582448
3614,1425.9362643564136,0.9997900922542068,0.13406260232242445,5.0,31.0,0.0,-1425.4951870481295,-0.23988843138526234,1.026015741270586,0.1466091338539616
3615,1426.4708689273868,0.9863444008265462,0.11295602182469806,5.0,31.0,0.0,-1425.7862238424125,-0.22996382934820278,1.020667459004425,0.14850125319015606
3616,1426.5440292999524,0.9523933686109821,0.09999569550055215,5.0,47.0,0.0,-1424.6443846168918,-0.1927008728582545,1.0093717326104203,0.1469146480820363
3617,1424.3539833133684,1.0,0.10268267199251127,4.0,15.0,0.0,-1423.0667593861185,-0.18510757764692884,1.0077676853630606,0.13844057145057065
3618,1426.8803441642829,0.9158859504464799,0.13406260232242445,5.0,63.0,0.0,-1424.457971694898,-0.1857551618013562,1.0090191964284014,0.14357881570464137
3619,1425.17835512233,0.983686418751872,0.11295602182469806,4.0,23.0,0.0,-1423.2569662063415,-0.24313662977008668,1.0264825181615103,0.14084242066175745
3620,1425.4321620486498,0.9948304010332397,0.09999569550055215,5.0,31.0,0.0,-1424.9710367961175,-0.19979236010567894,1.0142511609360978,0.15081340259039583
3621,1426.6356235308328,1.0,0.10268267199251127,5.0,31.0,0.0,-1423.893649001162,-0.2162175376315457,1.016788921193287,0.14206343651785017
3622,1426.7067343869219,0.8205079804105545,0.13406260232242445,4.0,27.0,0.0,-1424.9527751663752,-0.2109423515121525,1.0159703759664078,0.14171742228295284
3623,1424.7194359354926,0.761873602817446,0.11295602182469806,5.0,31.0,0.0,-1422.281614737527,-0.2566214395497191,1.0271901839398394,0.14815852416047987
3624,1425.215779799368,0.9552777753604083,0.09999569550055215,5.0,31.0,0.0,-1424.482770645036,-0.19741499786224861,1.01011991393029,0.15004194240718893
3625,1426.9717388837676,0.9997025712841435,0.10268267199251127,5.0,31.0,0.0,-1425.4383456883256,-0.18716847410864884,1.0091277789908646,0.14692150433255902
3626,1426.891000607384,0.9996305219031354,0.13406260232242445,4.0,31.0,0.0,-1426.39520894079,-0.22455502142017092,1.019865382119868,0.14279260883386655
3627,1426.8046531250209,0.9989835553697366,0.11295602182469806,3.0,15.0,0.0,-1423.4666071639801,-0.2327098886031093,1.021521101755397,0.14658620821163842
3628,1425.60018548386,0.9984626538631464,0.09999569550055215,5.0,31.0,0.0,-1424.5378600451093,-0.17961816769246858,1.0080774039288816,0.14104668006485754
3629,1425.0439522095762,0.9641356827420943,0.10268267199251127,5.0,31.0,0.0,-1424.3934266553674,-0.25615555371834303,1.030169791238609,0.14197743983734884
3630,1425.775416291823,0.9974232681269259,0.13406260232242445,5.0,31.0,0.0,-1424.9867583114515,-0.2607704509579178,1.0304752594239106,0.14628876454601156
3631,1426.8474252901112,0.9990913864065458,0.11295602182469806,2.0,7.0,0.0,-1426.7125435850128,-0.229204954239758,1.0221479408592085,0.14632891339692425
3632,1426.3770503120622,0.9944429171975169,0.09999569550055215,4.0,15.0,0.0,-1425.561746449746,-0.1803272637003722,1.0076453363739595,0.14231363803641403
3633,1426.0855631522793,0.9784708468618065,0.10268267199251127,5.0,31.0,0.0,-1424.3412070582754,-0.23246445047543862,1.0234624366080667,0.14871886173268972
3634,1427.1430459432397,0.9985300366708408,0.13406260232242445,5.0,63.0,0.0,-1424.421445409375,-0.21028918167511992,1.0159762275481885,0.14328705096141114
3635,1426.8729168725222,0.95676558896298,0.11295602182469806,5.0,31.0,0.0,-1426.0879166989223,-0.19669002671028288,1.0130874543436317,0.14600010328315677
3636,1425.5488047227682,0.911110649526506,0.09999569550055215,5.0,31.0,0.0,-1424.519925703885,-0.1681334656342052,1.0047688473028038,0.1490247232872445
3637,1426.514394345513,0.9925016519640543,0.10268267199251127,5.0,47.0,0.0,-1425.1385803523608,-0.18272708397762621,1.0066824130658985,0.14611125994147764
3638,1426.9655700997325,0.9665661121750105,0.13406260232242445,5.0,31.0,0.0,-1426.815266126733,-0.1979652668644404,1.011368543674418,0.1466818621169836
3639,1426.9380833645153,0.9994669846309959,0.11295602182469806,5.0,47.0,0.0,-1426.655693094956,-0.21991494467424166,1.0175739632541398,0.1464444724828743
3640,1425.9419836725533,0.9994909891104952,0.09999569550055215,5.0,63.0,0.0,-1424.7553755832932,-0.21016182788596294,1.015781106990422,0.14003313115763247
3641,1425.9952608380358,0.9633479167796051,0.10268267199251127,5.0,31.0,0.0,-1424.986540373144,-0.18726887505578121,1.0095972425674302,0.15022004772829683
3642,1425.6160447715858,0.740756884223013,0.13406260232242445,4.0,23.0,0.0,-1423.820262342889,-0.22373448903571494,1.0172905080091443,0.1457359133228712
3643,1426.9556615348386,1.0,0.11295602182469806,2.0,3.0,0.0,-1426.822984714517,-0.22058504156858505,1.0178168751040122,0.1464592812818818
3644,1426.9584387520142,0.858893168351914,0.09999569550055215,5.0,31.0,0.0,-1424.8845325096345,-0.19048902026930326,1.0101642906716084,0.1433043171689944
3645,1425.727135455425,0.9995507017419459,0.10268267199251127,3.0,15.0,0.0,-1425.30431160983,-0.1854559429378936,1.0086275488630738,0.15080312408367844
3646,1427.1590819501544,1.0,0.13406260232242445,4.0,19.0,0.0,-1425.729393798094,-0.1933017848172474,1.0105153987511133,0.14512771720549542
3647,1426.8525017965485,0.986742167959489,0.11295602182469806,4.0,31.0,0.0,-1426.2073833953418,-0.1962169262354258,1.0115309324030695,0.14826139331251284
3648,1426.2600556540888,0.744296844312304,0.09999569550055215,4.0,27.0,0.0,-1424.1566516978528,-0.19545493806975733,1.0098701058625823,0.147422660345749
3649,1424.370521048425,0.8968731447865622,0.10268267199251127,3.0,11.0,0.0,-1423.602807880918,-0.18442380757956411,1.0070441684185245,0.1524190836952718
3650,1427.095680962071,0.9824975483228131,0.13406260232242445,4.0,23.0,0.0,-1426.4516244068907,-0.2115339710808132,1.0165738292604969,0.14325318966140432
3651,1426.4185881334254,0.9700737758493022,0.11295602182469806,5.0,31.0,0.0,-1425.8330891219903,-0.17197741515560186,1.004115828221238,0.14487606590227795
3652,1425.9259908598576,0.9306893004774265,0.09999569550055215,4.0,31.0,0.0,-1424.5355221581592,-0.2119541669656977,1.0161765892676669,0.15097116075188446
3653,1426.0617388181563,1.0,0.10268267199251127,4.0,19.0,0.0,-1423.8601505276174,-0.19331236903417995,1.0097533363912077,0.14947180245731603
3654,1426.4359667715648,0.9928806703614207,0.13406260232242445,5.0,47.0,0.0,-1426.180701442402,-0.1724889484923815,1.0042636896058108,0.14611376456135491
3655,1425.1421420279964,0.9993086048291813,0.11295602182469806,4.0,31.0,0.0,-1423.885581383585,-0.21663694048065738,1.0182631007943148,0.13897394633430774
3656,1426.5226694481992,0.9949598718362731,0.09999569550055215,5.0,31.0,0.0,-1425.7244465199558,-0.2248127910822551,1.0195896291175621,0.14176057638859985
3657,1425.7223750650514,0.9961818114157636,0.10268267199251127,3.0,15.0,0.0,-1424.6266252512996,-0.1869188436487001,1.0100406449185706,0.15040780669326803
3658,1426.740585774208,0.9433007146188654,0.13406260232242445,5.0,47.0,0.0,-1425.0136256386884,-0.209610651131227,1.0165078101705969,0.14829681309024026
3659,1425.3555009256002,0.999589555777776,0.11295602182469806,4.0,15.0,0.0,-1424.4313678390806,-0.208069889430625,1.0147139292916094,0.13916846023261414
3660,1426.9923168492426,0.9320309979588879,0.09999569550055215,5.0,31.0,0.0,-1425.992415334352,-0.2171456513184095,1.017362009986287,0.1477439516088609
3661,1423.2661885974978,0.9868274822315103,0.10268267199251127,5.0,31.0,0.0,-1419.9768417834728,-0.28516601071406344,1.0371065134793704,0.1498996079456528
3662,1425.0247708703369,0.7123287601693242,0.13406260232242445,3.0,15.0,0.0,-1422.963025254645,-0.19679640872662563,1.0147882543943958,0.14566246628450927
3663,1426.0867434894758,0.8343763357595528,0.11295602182469806,4.0,15.0,0.0,-1423.361189550951,-0.2297509214136695,1.0204607613822394,0.1414770750345482
3664,1427.2584403180394,0.9981123247769317,0.09999569550055215,4.0,31.0,0.0,-1426.6364155801223,-0.21283739012766414,1.0160506283709467,0.14582511639383472
3665,1423.4673171421769,0.9671190959182013,0.10268267199251127,4.0,15.0,0.0,-1422.9116676266485,-0.28432152470451216,1.0375372316131455,0.14936482071678073
3666,1425.904922265419,1.0,0.13406260232242445,2.0,3.0,0.0,-1424.7242261378437,-0.19853481967578676,1.0146734120672682,0.14595227525574084
3667,1425.1933858094376,0.9811668820239464,0.11295602182469806,4.0,31.0,0.0,-1423.1758403267386,-0.20401577233694068,1.0136556465355475,0.13890439961974846
3668,1426.6249976576207,0.8289698471427971,0.09999569550055215,4.0,19.0,0.0,-1425.4443723347326,-0.2160054956843171,1.0188111109450781,0.14743005687048794
3669,1422.785644878989,0.9335348434768086,0.10268267199251127,2.0,7.0,0.0,-1422.3772168553473,-0.28421186012493155,1.0386590694359787,0.14951838527464212
3670,1425.3377575029974,0.9407796342451537,0.13406260232242445,2.0,3.0,0.0,-1425.092747468132,-0.20470119293419062,1.0115498725954009,0.14552618280802582
3671,1425.4612323366841,0.9377350338934491,0.11295602182469806,5.0,47.0,0.0,-1422.7037516934834,-0.16466790933696834,1.001300490099507,0.1435224092999395
3672,1426.368681033549,0.9999438570216913,0.09999569550055215,3.0,11.0,0.0,-1426.2826535984955,-0.2233406968539671,1.020937881419525,0.1481329630537224
3673,1418.931598852771,0.6054889151106454,0.10268267199251127,2.0,7.0,0.0,-1418.2626620214994,-0.2890980427560322,1.0345224328877514,0.14981004632831144
3674,1426.4746080114212,0.9965218986297546,0.13406260232242445,3.0,11.0,0.0,-1425.1103879531904,-0.2007853408111767,1.0113696268890795,0.14545006003425798
3675,1425.824625636567,1.0,0.11295602182469806,2.0,3.0,0.0,-1425.5207879933976,-0.16225661392854807,1.0025685227061036,0.14338753755957917
3676,1426.6148150421081,0.9992905184462897,0.09999569550055215,5.0,31.0,0.0,-1425.4162287230918,-0.22728472244898704,1.0211630443694284,0.14222749770105317
3677,1423.2543579239211,1.0,0.10268267199251127,2.0,3.0,0.0,-1419.2780481311045,-0.28452567233155235,1.0378035983223906,0.14976634068500727
3678,1426.2323121116763,0.9945711867370698,0.13406260232242445,3.0,11.0,0.0,-1425.4563365262252,-0.1784341903888692,1.0078513118032508,0.14334056596374414
3679,1424.1367933218876,0.6285194314272506,0.11295602182469806,2.0,3.0,0.0,-1422.5094184767206,-0.15956570601351494,1.0036119923457818,0.1432143992357463
3680,1426.849457725126,0.8366144227766287,0.09999569550055215,5.0,31.0,0.0,-1425.1486299999085,-0.18103105603855357,1.0078919641142374,0.14572195458140844
3681,1424.3096001686415,0.897473537546842,0.10268267199251127,5.0,31.0,0.0,-1420.298373842276,-0.24650209967180586,1.0270602700189122,0.15228165679073663
3682,1426.5927603046127,0.9981337568832138,0.13406260232242445,3.0,11.0,0.0,-1425.653778871117,-0.18089740330999252,1.0081890714788313,0.1437105314905322
3683,1425.8090201120056,0.9670191028765013,0.11295602182469806,5.0,31.0,0.0,-1423.393075731962,-0.19530130423688488,1.010184382665624,0.1499720914977629
3684,1426.5154958125731,0.9473354476300737,0.09999569550055215,4.0,29.0,0.0,-1421.8381222515818,-0.23459757590135696,1.0217327301580976,0.14375305434910235
3685,1426.1111505024876,0.9309460850613376,0.10268267199251127,4.0,19.0,0.0,-1422.597854522948,-0.23585153366497152,1.0215080168706858,0.14441722644646032
3686,1426.2814128729192,0.9165198569121378,0.13406260232242445,4.0,31.0,0.0,-1424.40711529974,-0.16941642977534271,1.0037677320108438,0.14365498896563883
3687,1426.9395112137738,1.0,0.11295602182469806,4.0,15.0,0.0,-1425.7553195501368,-0.2096056382743851,1.0144811720724287,0.1463076226286684
3688,1425.037384823994,0.8348211414824334,0.09999569550055215,5.0,31.0,0.0,-1424.5518525814691,-0.2234879388472075,1.0171754351430298,0.1489834134666043
3689,1426.858478844373,1.0,0.10268267199251127,2.0,3.0,0.0,-1426.270777751387,-0.2317566414179571,1.0227314367318354,0.14453261802646533
3690,1425.547827241755,0.7427657147738863,0.13406260232242445,2.0,3.0,0.0,-1425.091728835352,-0.1657134580914295,1.0045329023674674,0.14396500480291663
3691,1426.9549097559143,0.9109114525245867,0.11295602182469806,4.0,23.0,0.0,-1425.4138526226084,-0.1903579596680327,1.00936903310166,0.1464064852896992
3692,1426.1756184684011,0.9944667998142135,0.09999569550055215,3.0,15.0,0.0,-1423.0709430847423,-0.22414108549438752,1.020146834955677,0.1500883658796324
3693,1426.672947707124,0.9224699093860469,0.10268267199251127,2.0,7.0,0.0,-1426.1150225432646,-0.23553759807751984,1.0221772655368158,0.1444427940484823
3694,1426.6011779367443,0.9995973029167825,0.13406260232242445,4.0,31.0,0.0,-1425.161531829074,-0.18643820890123472,1.0082083900540388,0.14793338234801054
3695,1425.8371278741372,0.8680784063757213,0.11295602182469806,2.0,3.0,0.0,-1425.7187800532101,-0.18666526849952278,1.0111112620594294,0.14652991869575413
3696,1423.6545369798494,0.9868676462440508,0.09999569550055215,4.0,15.0,0.0,-1423.0560589300949,-0.21224064360591785,1.0157864861777317,0.154505440218763
3697,1426.6246943414926,0.9999124605929978,0.10268267199251127,5.0,31.0,0.0,-1426.4771420817422,-0.2411078516140934,1.0240054472669626,0.14507096253436538
3698,1426.0083842581114,0.7032800563482543,0.13406260232242445,2.0,3.0,0.0,-1424.424233771248,-0.17983118114567972,1.0085577457585457,0.1478697673494201
3699,1425.5894658988625,0.9823649969735433,0.11295602182469806,4.0,27.0,0.0,-1424.275202701951,-0.2077057606515791,1.0173880208850399,0.14799547062125387
3700,1420.7071983879825,0.9983783798195085,0.09999569550055215,3.0,11.0,0.0,-1419.1436159321188,-0.20914274010434186,1.0160023045616895,0.1579696670228468
3701,1425.409916876028,0.8895503215505529,0.10268267199251127,3.0,15.0,0.0,-1425.017233522908,-0.24001818833684363,1.0264715326239429,0.14394043101392703
3702,1426.4964100639666,0.908615831434349,0.13406260232242445,2.0,3.0,0.0,-1425.6600918694314,-0.1825983559134406,1.0070944720729431,0.14792023032491802
3703,1423.8906489800759,0.8958055800378584,0.11295602182469806,4.0,27.0,0.0,-1422.286431961255,-0.19915371587228975,1.0095578151734108,0.14178614494843256
3704,1422.2308796393309,1.0,0.09999569550055215,4.0,15.0,0.0,-1420.4389625794302,-0.19949938283206886,1.0131625947908631,0.1562825756686065
3705,1427.2426975399842,0.9923527240267077,0.10268267199251127,4.0,23.0,0.0,-1424.5732190498916,-0.21441258472188418,1.0173913595367605,0.14431080135366445
3706,1426.5562537704675,0.7553466967964926,0.13406260232242445,5.0,31.0,0.0,-1424.458235226802,-0.18124419677539846,1.0074555211571197,0.1426574495655478
3707,1425.3667280925627,0.9990171771033556,0.11295602182469806,5.0,31.0,0.0,-1423.064756589323,-0.15708905827934,1.0017359550508962,0.14691704666928151
3708,1421.2353873282884,0.9780202382301056,0.09999569550055215,4.0,15.0,0.0,-1421.0579838075598,-0.20730222526151282,1.0139020140281374,0.15718574499475882
3709,1425.7239411323787,0.6959738812019732,0.10268267199251127,2.0,3.0,0.0,-1424.9327508782542,-0.21437019823983025,1.0193223530100026,0.14413405560249182
3710,1426.3057049290933,0.9901683825162152,0.13406260232242445,4.0,15.0,0.0,-1426.1297686124808,-0.18600797807547434,1.0091745079194085,0.14154467168640905
3711,1426.2851293120755,0.9892299312126939,0.11295602182469806,5.0,31.0,0.0,-1424.8597961543494,-0.16913487392887297,1.0034394102733224,0.1442037154013594
3712,1426.4023336238827,0.9498998491697181,0.09999569550055215,4.0,15.0,0.0,-1420.3580999308251,-0.21894169709509498,1.0194715935929934,0.14873914176897135
3713,1425.0230176807163,0.9947835386475539,0.10268267199251127,4.0,23.0,0.0,-1422.3299614492078,-0.2000021730197441,1.0152447440785668,0.14953559087360266
3714,1426.8438365122963,0.9047167927392169,0.13406260232242445,4.0,31.0,0.0,-1423.9886361309646,-0.2058058139461253,1.0140398263645256,0.14841105090656834
3715,1426.1274992696956,0.9286160601252531,0.11295602182469806,5.0,63.0,0.0,-1425.3469972385822,-0.2422200841040261,1.0235995540324212,0.14647507204345286
3716,1426.767620574069,0.9525882748787577,0.09999569550055215,4.0,31.0,0.0,-1424.632632777018,-0.22968592195789944,1.020366731921097,0.14450003811156958
3717,1425.614792687305,1.0,0.10268267199251127,4.0,19.0,0.0,-1424.8035250993673,-0.20734488862252132,1.017271715342137,0.14795041233524237
3718,1426.3452850537647,0.8640898711303857,0.13406260232242445,5.0,31.0,0.0,-1425.0911383151818,-0.1686769038620412,1.0044501914069237,0.1457011383837412
3719,1426.7294820128986,0.9800767444125111,0.11295602182469806,1.0,3.0,0.0,-1426.0376975378906,-0.23931600868575395,1.0245325189837515,0.14642974259868513
3720,1426.0480875918754,0.9796241927750098,0.09999569550055215,5.0,31.0,0.0,-1424.6266141319898,-0.1686654016074263,1.0047659462105276,0.14360817201327822
3721,1426.4810784941917,0.8891188368625956,0.10268267199251127,4.0,27.0,0.0,-1423.152646672098,-0.18747851922527056,1.0106465505450284,0.1468399260965228
3722,1426.3155736301073,0.9270984081904733,0.13406260232242445,5.0,63.0,0.0,-1425.3429994656187,-0.232527453258751,1.0206723599429346,0.1465313191252431
3723,1426.9391402025308,0.9593248127935562,0.11295602182469806,4.0,31.0,0.0,-1424.7814372422974,-0.2032756145691452,1.0128610915709417,0.14709997012581238
3724,1423.9076879433383,0.9969854303769319,0.09999569550055215,5.0,31.0,0.0,-1423.341172718381,-0.13716277658990553,0.9934985910110298,0.14521188240615615
3725,1426.9482264808091,1.0,0.10268267199251127,2.0,3.0,0.0,-1426.5221818007178,-0.18863015383727552,1.0100744786235787,0.14692544648599262
3726,1426.129274562763,0.8730852282197163,0.13406260232242445,5.0,31.0,0.0,-1424.2506726234708,-0.20086761533307285,1.0110897640786216,0.1462411546778336
3727,1427.221675991805,0.9447884465229434,0.11295602182469806,5.0,39.0,0.0,-1426.304811784448,-0.2218641028337346,1.0192866893227257,0.14608865753996553
3728,1425.0565558133965,0.9420095822914912,0.09999569550055215,5.0,31.0,0.0,-1422.5950320271586,-0.1556684492373998,1.0013215675506468,0.14821760469637607
3729,1426.8598775456394,0.9673367942086349,0.10268267199251127,5.0,63.0,0.0,-1426.3637603413254,-0.19797719463765698,1.0111724566024543,0.1441618415055906
3730,1425.1239079292334,0.8650572311959482,0.13406260232242445,4.0,23.0,0.0,-1423.3209760310995,-0.17915658916776453,1.0087575314015822,0.14162020825173674
3731,1426.3975753111858,0.9744216404709148,0.11295602182469806,4.0,31.0,0.0,-1424.781451679196,-0.2149872214290512,1.0166312003627114,0.14968039608204595
3732,1424.9949361509057,0.9930735424884852,0.09999569550055215,2.0,3.0,0.0,-1424.8435068759688,-0.15919334133893698,0.999593236102854,0.14801766030642033
3733,1425.7950856493335,0.8212922061517349,0.10268267199251127,5.0,39.0,0.0,-1424.3517765927322,-0.2315870119462039,1.0239330566166818,0.14380801634838333
3734,1423.019561930006,0.7617251100087298,0.13406260232242445,2.0,7.0,0.0,-1421.9603058088883,-0.17555075575902068,1.0091461020755188,0.1421086998312927
3735,1426.5767183884384,0.9882964740326217,0.11295602182469806,5.0,31.0,0.0,-1424.9333062381768,-0.2381005391513979,1.024783402965279,0.1460052187585372
3736,1426.4119442811584,0.9980884784863328,0.09999569550055215,5.0,31.0,0.0,-1424.5000055457083,-0.24529667190284923,1.0265799170894192,0.14458135955854218
3737,1425.9271443636458,0.8496484084526205,0.10268267199251127,2.0,3.0,0.0,-1423.735271503162,-0.23626942789122157,1.0216447731746767,0.1432595013294932
3738,1424.8335473290997,0.9979013770261178,0.13406260232242445,5.0,31.0,0.0,-1421.701466340392,-0.2596472747945311,1.0280625465457365,0.14602231180726272
3739,1425.6613986081793,0.980408021256735,0.11295602182469806,5.0,31.0,0.0,-1423.8017440489732,-0.2084560163659272,1.0145833333242278,0.1512541219643335
3740,1426.4089261580075,0.9567959569809888,0.09999569550055215,5.0,63.0,0.0,-1425.4863624392322,-0.17734563329115463,1.0073805607311253,0.1440206211386936
3741,1425.919443307631,0.8578715764337842,0.10268267199251127,4.0,19.0,0.0,-1423.378991775944,-0.23120148712491573,1.0238217806090943,0.14474841287730641
3742,1425.2265172327825,1.0,0.13406260232242445,2.0,3.0,0.0,-1424.648293358915,-0.2497804702745014,1.0291880208335331,0.14608675451290223
3743,1424.9003780155442,0.9977590032731486,0.11295602182469806,5.0,31.0,0.0,-1423.8729520136105,-0.24974181030619766,1.0267344642391185,0.14010752808346122
3744,1426.1224587388726,0.9921252790691375,0.09999569550055215,3.0,13.0,0.0,-1425.2605011407747,-0.169193406365893,1.0042572219740697,0.1428775604638124
3745,1425.707563933812,0.9995137611882556,0.10268267199251127,4.0,31.0,0.0,-1423.9612446189017,-0.20264953155679546,1.012095733441513,0.14103507954095748
3746,1426.0113435328515,0.8801451264668987,0.13406260232242445,5.0,31.0,0.0,-1423.873126991583,-0.19229520104793515,1.0086262631489284,0.14486525855218732
3747,1424.2358024006278,0.9042233753261192,0.11295602182469806,2.0,3.0,0.0,-1424.084613639891,-0.24711879114333837,1.028118247792539,0.1402064129122005
3748,1424.5530177028259,0.9906931697196419,0.09999569550055215,6.0,63.0,0.0,-1423.9320319600947,-0.15025014546467685,0.9989990639684999,0.14984707379011478
3749,1426.313991136926,0.9209382858755099,0.10268267199251127,4.0,31.0,0.0,-1422.8422826492001,-0.19400390713056817,1.0126847215293446,0.1431315578536483
3750,1427.1243467054894,0.9956827494840054,0.13406260232242445,2.0,7.0,0.0,-1426.0557229861868,-0.18999413275836688,1.0097111022567817,0.1451365234052585
3751,1425.277814463946,1.0,0.11295602182469806,6.0,63.0,0.0,-1424.2462375185082,-0.18774148999060894,1.0107705568383583,0.1404188663265709
3752,1424.1213036436393,0.9825110806685604,0.09999569550055215,5.0,47.0,0.0,-1423.9305859575563,-0.2676135206712872,1.033267131052886,0.14120801253618048
3753,1426.9815882797232,0.9493862291757232,0.10268267199251127,4.0,23.0,0.0,-1425.4016748076929,-0.21264645344950847,1.0153796861574846,0.14575701226111198
3754,1426.537087849369,0.9991888707956726,0.13406260232242445,4.0,15.0,0.0,-1426.2577792812613,-0.19223494469337968,1.0104229015581736,0.14173264978514882
3755,1426.302061675215,0.9991467797897222,0.11295602182469806,5.0,31.0,0.0,-1423.134036931128,-0.24451559175752635,1.0266986426472846,0.14591836450057782
3756,1423.8240449526115,0.9684238640723323,0.09999569550055215,2.0,3.0,0.0,-1423.7565750925244,-0.26623139253653655,1.033408628043172,0.14122949109810082
3757,1425.432499784569,0.9121927767867488,0.10268267199251127,4.0,27.0,0.0,-1424.868462181456,-0.18742577828884488,1.0113337595035536,0.14245313291764583
3758,1425.734337172326,0.9975769061575301,0.13406260232242445,5.0,31.0,0.0,-1424.9156801916126,-0.17034506534492616,1.0045186777271815,0.14957947567587615
3759,1426.8523079027184,0.9555210966255864,0.11295602182469806,5.0,31.0,0.0,-1424.5749486632883,-0.19876937687143315,1.0112902140875621,0.14480895807201674
3760,1425.6574198425837,1.0,0.09999569550055215,5.0,31.0,0.0,-1423.0793807684977,-0.2576790568960773,1.0303161384532256,0.14706301836902624
3761,1425.6981637004499,0.997666187230519,0.10268267199251127,2.0,7.0,0.0,-1424.8334382076882,-0.19730040008057712,1.0100109511520214,0.1428173940462792
3762,1425.4016775609207,0.9488213404613742,0.13406260232242445,2.0,7.0,0.0,-1425.08964704532,-0.1707060596003131,1.0034300052193044,0.14975828534008917
3763,1427.1544560245334,1.0,0.11295602182469806,5.0,35.0,0.0,-1426.6987435979108,-0.2264121666171862,1.020193003472478,0.14540454047404905
3764,1424.8370695343492,0.9048935108027828,0.09999569550055215,3.0,7.0,0.0,-1424.7701726753353,-0.2568169751660371,1.0311707702618291,0.1470166887017477
3765,1424.7584011381964,0.9157662742420647,0.10268267199251127,3.0,11.0,0.0,-1423.8756337442628,-0.19915439634737891,1.0098009648591977,0.143194799051037
3766,1424.4072988982919,0.9140870852488587,0.13406260232242445,4.0,15.0,0.0,-1423.4851070688487,-0.15046522719246563,0.9982020603212427,0.15021909525885963
3767,1427.257344130004,0.9980269916733416,0.11295602182469806,5.0,31.0,0.0,-1427.0022765805888,-0.2154002453805819,1.0168945114007761,0.1446195980315244
3768,1426.3546937335843,0.997933481201308,0.09999569550055215,5.0,31.0,0.0,-1423.7567601573824,-0.24830802914043715,1.0264849298593908,0.14411129530992775
3769,1426.5985992399453,0.998121402004886,0.10268267199251127,4.0,23.0,0.0,-1424.361952617976,-0.21955062595308186,1.020034826698847,0.1449260299117009
3770,1424.3934472888918,0.6910570660393185,0.13406260232242445,4.0,19.0,0.0,-1421.4314180298693,-0.20568323542708186,1.0176679665438912,0.14393994067065133
3771,1427.2097617084619,0.9935895732569342,0.11295602182469806,4.0,31.0,0.0,-1426.9838621258045,-0.21355346618067197,1.0171095288234135,0.14392304817712578
3772,1426.120045485155,0.9859765703635021,0.09999569550055215,5.0,31.0,0.0,-1424.860936076916,-0.23172446546212416,1.022688052256461,0.14139759520424738
3773,1427.0548746765696,0.9996158610640186,0.10268267199251127,4.0,31.0,0.0,-1425.3892484817054,-0.19485113383250405,1.0121800747881775,0.14479857867046572
3774,1425.4127227244142,1.0,0.13406260232242445,3.0,15.0,0.0,-1424.0963245233606,-0.20604686545753226,1.0171879407746636,0.14685096143417742
3775,1425.4518054203502,0.8939802121202457,0.11295602182469806,4.0,19.0,0.0,-1424.256233120524,-0.2452529544891083,1.0251652095544181,0.1501921390927353
3776,1426.596445301799,1.0,0.09999569550055215,3.0,11.0,0.0,-1425.5673043344725,-0.23036497083941584,1.0210078800032227,0.1425345306778135
3777,1425.2524405440045,0.7916085390992788,0.10268267199251127,3.0,7.0,0.0,-1424.8432500069034,-0.1955773688962247,1.0089373173707639,0.14535138121393595
3778,1425.7308325671477,0.8913874256283034,0.13406260232242445,3.0,15.0,0.0,-1423.1711361386099,-0.21946327560410267,1.0161743976902973,0.1441614480769161
3779,1424.7225430331944,0.9355682253109324,0.11295602182469806,4.0,15.0,0.0,-1424.3304102732156,-0.25599420257544636,1.0272672059183825,0.14918409938667354
3780,1426.8499125577052,0.855769303445578,0.09999569550055215,5.0,31.0,0.0,-1425.4317673050164,-0.20867960422666926,1.0155068980793274,0.14862423054064744
3781,1425.2868195658432,0.9906353865922757,0.10268267199251127,3.0,15.0,0.0,-1424.5533706632832,-0.1849493093961823,1.0110249962796305,0.146511699575881
3782,1425.3369303604723,0.9979969089917735,0.13406260232242445,5.0,31.0,0.0,-1424.586374653675,-0.1853438743115958,1.010927207850297,0.14318862912337854
3783,1424.3930467673556,0.7499048290577588,0.11295602182469806,2.0,3.0,0.0,-1421.3280127641212,-0.2563092254282156,1.0308440514245605,0.14972221965050467
3784,1427.2316523352604,0.9632312785247664,0.09999569550055215,4.0,31.0,0.0,-1426.588828058101,-0.20277334703974415,1.0142043499291042,0.14598974300491685
3785,1427.2106106316123,0.9926079940009279,0.10268267199251127,3.0,15.0,0.0,-1425.092873816739,-0.19349807850611206,1.0109443006694137,0.1449565539012964
3786,1427.050242394778,0.9093308342812045,0.13406260232242445,2.0,7.0,0.0,-1424.681964021836,-0.19174298097134573,1.0101502820806643,0.14390584607112067
3787,1425.0882371179896,0.9697189521647858,0.11295602182469806,5.0,63.0,0.0,-1423.9928305716971,-0.16189693536384667,1.0006961894201492,0.14214491794932824
3788,1426.879712947119,0.9997743447447919,0.09999569550055215,6.0,63.0,0.0,-1426.0503100398616,-0.223781674377222,1.0194258080496807,0.14277409590247256
3789,1424.6885418569493,0.9085528705860153,0.10268267199251127,6.0,63.0,0.0,-1423.1397646213454,-0.26571226035006207,1.033125669302253,0.14808597468446
3790,1426.4714145597743,0.9785651321167926,0.13406260232242445,5.0,31.0,0.0,-1425.7115081857587,-0.24312040651328726,1.0249267545040008,0.1435087075142183
3791,1425.4159560796413,0.9975699183335975,0.11295602182469806,5.0,31.0,0.0,-1423.8445074168797,-0.15707559355892103,0.9993545664548701,0.1452545466512298
3792,1425.9899959966083,0.9739031005129574,0.09999569550055215,5.0,31.0,0.0,-1425.7327966254609,-0.2091650675672914,1.014637911976792,0.14055757571429653
3793,1425.0420881595307,0.9556751926583291,0.10268267199251127,2.0,3.0,0.0,-1424.1503847264835,-0.2656337391686734,1.0309596736107849,0.1482180266426358
3794,1425.8871531496222,0.5824645944027469,0.13406260232242445,4.0,31.0,0.0,-1422.0960611446983,-0.24377523831814976,1.0252768470436229,0.14952471019815222
3795,1426.1054386485507,0.9923504178534054,0.11295602182469806,5.0,31.0,0.0,-1425.015304222489,-0.17251605853075852,1.0060934453989625,0.1473246126565141
3796,1425.7305727449038,0.9707064143590245,0.09999569550055215,5.0,31.0,0.0,-1425.0611688062293,-0.23512032293709914,1.0227498633765446,0.15059928883215257
3797,1426.6466577185813,0.9676115556774895,0.10268267199251127,5.0,39.0,0.0,-1423.8042697733326,-0.19245272850429182,1.011958603947446,0.143852488554307
3798,1427.0488732570648,0.9724641900804125,0.13406260232242445,5.0,31.0,0.0,-1423.877893981811,-0.23146408176397862,1.021904003646793,0.14578436795152866
3799,1425.2552227086876,0.9959026181017411,0.11295602182469806,5.0,63.0,0.0,-1424.6726915846784,-0.19163119244204166,1.009125519124075,0.1510787339716842
3800,1424.4223378942445,0.9991606182728506,0.09999569550055215,5.0,31.0,0.0,-1423.4020603701297,-0.27173716465828196,1.0335547094818354,0.14197146032204538
3801,1425.0519154120957,0.9314625336044117,0.10268267199251127,4.0,23.0,0.0,-1423.2025142021603,-0.1645967154401139,1.0047100638715942,0.14695410503983714
3802,1426.1416496465072,0.9165881610485913,0.13406260232242445,4.0,23.0,0.0,-1424.9934631834265,-0.23823142240186962,1.0246021082597216,0.14890721371365218
3803,1425.892739268253,0.9851499953307752,0.11295602182469806,4.0,15.0,0.0,-1424.8315967805584,-0.18115557361288837,1.008845006483256,0.14876047328301725
3804,1426.1286248124638,0.9953199176911842,0.09999569550055215,4.0,31.0,0.0,-1422.156085764779,-0.24880956932560333,1.0269248844513108,0.14804370459170127
3805,1426.1196469486965,0.9830948294155741,0.10268267199251127,5.0,63.0,0.0,-1424.493286343172,-0.24314254805729332,1.0242522868095414,0.14307511657810168
3806,1425.016335177063,0.6720624639026106,0.13406260232242445,2.0,3.0,0.0,-1424.252780019418,-0.24313619458725938,1.023300096395083,0.14920356776465007
3807,1426.862067320695,0.9665175291498723,0.11295602182469806,3.0,11.0,0.0,-1425.5878347644045,-0.18601478568839616,1.008645269818422,0.14734872646039943
3808,1425.9073652409436,0.9838016683969795,0.09999569550055215,5.0,39.0,0.0,-1424.1088336503506,-0.1598015716710875,1.0008777012776466,0.14492468417496354
3809,1425.6611816551465,0.857566154424535,0.10268267199251127,5.0,31.0,0.0,-1424.0784520745215,-0.23732667098781543,1.0218714352692266,0.1484812264929958
3810,1424.9842797703943,0.9816178059198503,0.13406260232242445,2.0,3.0,0.0,-1424.6148464925375,-0.2352892616345225,1.0253194998633188,0.14877438328267836
3811,1427.2592298865834,0.9998257869195738,0.11295602182469806,5.0,31.0,0.0,-1426.5556206100416,-0.21584936650947428,1.0173706078969993,0.14648861772212365
3812,1426.9529713390582,0.959644240693123,0.09999569550055215,5.0,31.0,0.0,-1425.469793598784,-0.19033565058650923,1.0102329722084027,0.1433173359332202
3813,1426.9071292164574,0.8484929193657484,0.10268267199251127,3.0,15.0,0.0,-1423.4038485488318,-0.22664469135615678,1.0197916892407954,0.146931936905146
3814,1426.5810671308782,0.9467219379179951,0.13406260232242445,2.0,7.0,0.0,-1424.4760201250663,-0.23728704189143263,1.023425966010385,0.1479471331950989
3815,1426.4844782215985,0.9842630543810069,0.11295602182469806,4.0,31.0,0.0,-1426.2993770769237,-0.21734804640695995,1.0174588048540736,0.14949753606162533
3816,1426.5616642209795,0.8413535119675827,0.09999569550055215,4.0,27.0,0.0,-1424.8057158144336,-0.23466875373116483,1.021724238336515,0.14664461131515524
3817,1427.0017318420005,0.9974479040929818,0.10268267199251127,5.0,31.0,0.0,-1426.5774893384237,-0.2265641224057717,1.020285867579486,0.14355253107627441
3818,1425.4332899501208,0.7328580058328146,0.13406260232242445,2.0,3.0,0.0,-1424.566693681613,-0.2393897284360242,1.0222243567570168,0.14818343227866962
3819,1426.423078505676,0.9778262183719829,0.11295602182469806,2.0,3.0,0.0,-1426.2299804257386,-0.21473590362128525,1.0175061964496186,0.1497104038655912
3820,1426.0742354857007,0.9855252267421686,0.09999569550055215,4.0,31.0,0.0,-1423.7774434905618,-0.22724483458239683,1.0207435998482242,0.15026851250767925
3821,1427.1786617374191,0.9998885005364474,0.10268267199251127,5.0,63.0,0.0,-1425.556942593746,-0.20280844034748235,1.0133957595045953,0.14368777263547247
3822,1425.308563243429,0.9985214164486356,0.13406260232242445,5.0,31.0,0.0,-1424.3861544133538,-0.16341633460939622,1.0038312529128046,0.14316647150974013
3823,1426.5926017443041,0.9264641093439813,0.11295602182469806,5.0,63.0,0.0,-1425.5290001444464,-0.22630988397780147,1.0210936832696742,0.1485327125254479
3824,1425.8631871013736,0.8845758330800978,0.09999569550055215,5.0,31.0,0.0,-1424.015545061248,-0.250178896525628,1.026603158191712,0.14267659494160362
3825,1426.767286289622,0.9963567376135302,0.10268267199251127,4.0,31.0,0.0,-1426.5494403186783,-0.20268610840775175,1.0136137672768157,0.14884648619260046
3826,1426.041564019581,0.9578868812161825,0.13406260232242445,4.0,15.0,0.0,-1424.6674154999307,-0.19298395954024045,1.0128242274192787,0.14413123183106227
3827,1426.2387915571271,0.8722659888544869,0.11295602182469806,5.0,35.0,0.0,-1425.0173562687137,-0.19268860868968873,1.008974477833167,0.1465466489482257
3828,1426.4870797406475,0.9633019287381877,0.09999569550055215,5.0,31.0,0.0,-1424.3157238901244,-0.19756549632466697,1.010791898836933,0.14312111336032637
3829,1424.2852083340158,0.802126179353437,0.10268267199251127,5.0,63.0,0.0,-1422.0558062142893,-0.22188865443216316,1.0219380611345659,0.14987138961195387
3830,1424.8360410069135,0.7944352504037924,0.13406260232242445,2.0,3.0,0.0,-1424.217193077776,-0.1955261189521598,1.0087807683155048,0.14361383065799774
3831,1426.7784524456968,0.9997296301226641,0.11295602182469806,4.0,27.0,0.0,-1426.116732991583,-0.2025663336915629,1.0149988216464119,0.14590663202556958
3832,1426.0082732109217,0.67406556505354,0.09999569550055215,2.0,3.0,0.0,-1423.8087806048961,-0.1954714883147802,1.0097605743976348,0.14291592450278343
3833,1424.6975947192052,0.9998484893846347,0.10268267199251127,5.0,31.0,0.0,-1423.0440187952292,-0.1786184029349116,1.0041596536903556,0.14331084481047004
3834,1427.006835737145,0.9631913205639533,0.13406260232242445,4.0,23.0,0.0,-1423.4265994456407,-0.23186863557437776,1.022032462876519,0.14628821447749327
3835,1427.032859334687,0.9997513805542263,0.11295602182469806,5.0,63.0,0.0,-1425.3972586528616,-0.19907453632052188,1.0116379005809277,0.14533679945682648
3836,1426.4441133026253,0.9998537443020178,0.09999569550055215,5.0,31.0,0.0,-1425.582171213479,-0.2235253839484419,1.0199307097892136,0.14943899609513198
3837,1424.3582072195322,0.963732018691288,0.10268267199251127,2.0,7.0,0.0,-1423.3354469473743,-0.181624005770653,1.0047389736611467,0.14332993052102722
3838,1426.535444467622,0.9971821213504065,0.13406260232242445,5.0,31.0,0.0,-1425.7550866600268,-0.19487918864753487,1.0112904932961673,0.14156912450349068
3839,1426.4302466103788,0.8483043765848224,0.11295602182469806,4.0,27.0,0.0,-1423.9380052921426,-0.22799574094996822,1.0193751099587445,0.1444097152444133
3840,1426.9662275270566,0.8959958715644066,0.09999569550055215,3.0,15.0,0.0,-1424.5866119493944,-0.218268682170945,1.0177535189841436,0.14787745311604825
3841,1426.4629112114442,0.9955691703377175,0.10268267199251127,5.0,39.0,0.0,-1422.8480169255047,-0.21712021287712047,1.0165990376900949,0.14853737622339125
3842,1423.890148408484,0.4680433362632768,0.13406260232242445,4.0,27.0,0.0,-1420.596033434511,-0.19777114777139773,1.015070920778334,0.14087080573330332
3843,1427.0829971759013,0.936684234638714,0.11295602182469806,2.0,3.0,0.0,-1426.188544453531,-0.22436355357641954,1.0203823283713913,0.14428891591921938
3844,1427.0805011725545,0.9938742518864861,0.09999569550055215,4.0,31.0,0.0,-1425.764345905676,-0.21150765707345617,1.016770633734025,0.14347438945435062
3845,1425.0522523596787,0.8890771719686988,0.10268267199251127,5.0,63.0,0.0,-1423.6793053465067,-0.16674453885186602,1.0052825397071705,0.1434322370091752
3846,1425.0956268159562,1.0,0.13406260232242445,2.0,3.0,0.0,-1423.760062348631,-0.19722334289045892,1.0140684968952276,0.14085974861868192
3847,1427.0466525848046,0.9974675733794853,0.11295602182469806,5.0,63.0,0.0,-1426.6139328638374,-0.19591113748190736,1.0112484413727496,0.14356518044042915
3848,1425.8951247964396,0.8306572811855614,0.09999569550055215,2.0,7.0,0.0,-1425.5024683747447,-0.21449106790149683,1.0150189682468427,0.1430051233463105
3849,1425.2298619378698,0.9921799750481278,0.10268267199251127,5.0,31.0,0.0,-1423.318530415221,-0.16183435402975976,1.0036192188234383,0.14681025243925366
3850,1426.9052546412038,1.0,0.13406260232242445,4.0,27.0,0.0,-1424.2185050699673,-0.22663754389837107,1.0197363029181234,0.14678503820741692
3851,1426.9559957247257,0.9704059680663302,0.11295602182469806,3.0,11.0,0.0,-1426.6755624668401,-0.1936144047133093,1.0105473466396329,0.1433414810297083
3852,1426.2855764786796,0.8004548543359374,0.09999569550055215,2.0,7.0,0.0,-1423.604186967777,-0.2099989045072488,1.0170413534064902,0.14192048885304134
3853,1425.0742350535868,0.9952914261183803,0.10268267199251127,5.0,63.0,0.0,-1423.8795092423325,-0.19777690609513135,1.0103626645857706,0.14053279254767928
3854,1427.1449526430706,0.9897979053077677,0.13406260232242445,5.0,31.0,0.0,-1426.7510657423495,-0.22365921712590434,1.0195599543711875,0.1440774661698966
3855,1426.248296365997,0.8807889679440868,0.11295602182469806,5.0,47.0,0.0,-1424.4216052465824,-0.24777991609301414,1.0257348516935676,0.14465018336271654
3856,1426.6109571114314,0.9206291956279865,0.09999569550055215,2.0,3.0,0.0,-1425.568350897775,-0.2097336745920327,1.0162567970410636,0.1417273576591132
3857,1424.707082739445,0.9985330725627686,0.10268267199251127,2.0,7.0,0.0,-1424.5985140642033,-0.1917993376797328,1.01230786609976,0.13986524358177693
3858,1426.0733302644664,0.8896043938915749,0.13406260232242445,5.0,31.0,0.0,-1425.4972624116351,-0.2335056521577483,1.0241439513143618,0.14734432073954873
3859,1423.4461852470906,0.9893801545609051,0.11295602182469806,4.0,19.0,0.0,-1423.1940135464847,-0.2788263644460746,1.0348349600894682,0.1412786256051356
3860,1425.9677816116468,0.777427105529403,0.09999569550055215,2.0,3.0,0.0,-1425.0381334029319,-0.20901972108876057,1.0170479370985663,0.14171441262935994
3861,1425.2914591276106,1.0,0.10268267199251127,3.0,7.0,0.0,-1424.4126631922884,-0.19104235840604494,1.0098880208611025,0.139347087107782
3862,1425.5040966611616,0.9421833927568487,0.13406260232242445,4.0,19.0,0.0,-1424.4417838689649,-0.2524284892046766,1.026405226538153,0.1471856597583125
3863,1423.2724455507437,0.9999659842447419,0.11295602182469806,3.0,15.0,0.0,-1422.2076248947508,-0.28098650653547474,1.03608315750768,0.14103345746426635
3864,1426.126838380085,0.9713028942745111,0.09999569550055215,4.0,31.0,0.0,-1421.9602544238307,-0.19499710891531385,1.013318225182443,0.14714786164328067
3865,1424.9896926698464,0.9180749894112695,0.10268267199251127,2.0,3.0,0.0,-1424.6425875501027,-0.19167398962737583,1.0092987803968838,0.1394461472376572
3866,1426.6517961708128,0.9072085596939116,0.13406260232242445,4.0,19.0,0.0,-1424.4637594484786,-0.2231817363769798,1.0185348888965948,0.1428762466218575
3867,1422.606973368546,0.8076909034006888,0.11295602182469806,4.0,15.0,0.0,-1420.8439315410214,-0.29489935200826906,1.0397655262778296,0.14275914841686896
3868,1426.1406606266926,0.9460520080603718,0.09999569550055215,3.0,15.0,0.0,-1425.0729306956919,-0.20349581969235078,1.0121145510107694,0.148105404356716
3869,1424.943104081481,0.9720109607649371,0.10268267199251127,5.0,63.0,0.0,-1423.1519472997354,-0.2613807768056415,1.0292311312714153,0.14854197961390112
3870,1426.0975545203216,0.8990539184106372,0.13406260232242445,5.0,31.0,0.0,-1425.248612789025,-0.18392072246889757,1.009936721577887,0.14707851846916276
3871,1424.4971604877453,0.9658427977804176,0.11295602182469806,5.0,31.0,0.0,-1421.2209339482104,-0.26786233388830083,1.0320276338327972,0.14150673100448358
3872,1424.9598535198522,0.6241208247348516,0.09999569550055215,2.0,3.0,0.0,-1422.0276003599815,-0.19395863018826173,1.0138324448125928,0.1479259498930646
3873,1424.335807039262,0.9968219762939025,0.10268267199251127,5.0,31.0,0.0,-1422.652974377791,-0.22745574333612584,1.022044534322722,0.1527653916348418
3874,1426.595612309871,0.8824785294317518,0.13406260232242445,2.0,3.0,0.0,-1424.915004701943,-0.18314076840557614,1.0070017843255206,0.14673271678179928
3875,1423.6178164943053,0.9295493138950803,0.11295602182469806,5.0,31.0,0.0,-1422.4982922927109,-0.13749609298681906,0.9949661482991972,0.15008415408977147
3876,1426.493410682088,1.0,0.09999569550055215,2.0,3.0,0.0,-1425.1872986111223,-0.19787432657414303,1.0109438099020818,0.14796266666424698
3877,1425.0932105274146,0.9894602911777178,0.10268267199251127,5.0,31.0,0.0,-1422.914207394945,-0.2435771985286825,1.0269339085558054,0.14129191339431688
3878,1424.9164352334274,0.8187008636651559,0.13406260232242445,3.0,15.0,0.0,-1422.9670979710409,-0.16779279503732492,1.005877253220905,0.14692476184367156
3879,1423.0491763626846,0.9991822401941274,0.11295602182469806,5.0,31.0,0.0,-1420.8524949274242,-0.14735025800651202,0.997525017567187,0.13915296751671738
3880,1425.6669957799822,0.8994749383328,0.09999569550055215,3.0,11.0,0.0,-1424.8406159666267,-0.19861580403569523,1.014839637420393,0.14673114967099476
3881,1424.909543533665,0.9223752087957964,0.10268267199251127,5.0,31.0,0.0,-1423.7579286863988,-0.22548271764145006,1.0180007492363183,0.15013189130880356
3882,1424.9178173578825,0.9490714160631681,0.13406260232242445,5.0,63.0,0.0,-1423.056554123777,-0.23676959199907793,1.025706869532713,0.14232264521205132
3883,1423.6069457960846,0.8153739599123565,0.11295602182469806,5.0,31.0,0.0,-1420.5344424611237,-0.1918518066409958,1.0097502565806802,0.15429443426651196
3884,1427.0051819704763,0.9967532917310584,0.09999569550055215,3.0,15.0,0.0,-1425.6187600717228,-0.20078634191407957,1.0121360597529405,0.14638885913720956
3885,1425.9583700715787,0.7355041787138269,0.10268267199251127,5.0,35.0,0.0,-1420.36884809055,-0.20749201100873,1.0164006422798,0.1497775014387766
3886,1425.7330582919894,1.0,0.13406260232242445,2.0,3.0,0.0,-1424.9761868958446,-0.2434834858376508,1.0239080939284728,0.14283658094757665
3887,1421.1865892585954,0.523183427558441,0.11295602182469806,2.0,3.0,0.0,-1419.669954873113,-0.19938510165050755,1.009424985382787,0.15430158950704487
3888,1426.127551116398,0.7474643656596993,0.09999569550055215,4.0,19.0,0.0,-1423.2997178031253,-0.21913594525689042,1.0165178532631922,0.1434115489512162
3889,1425.572682921623,0.6712759980084316,0.10268267199251127,3.0,15.0,0.0,-1419.2971211293689,-0.21287036399745107,1.0190412882613011,0.14450183123137983
3890,1426.1035456946092,1.0,0.13406260232242445,2.0,3.0,0.0,-1425.7390195660073,-0.23739051285778898,1.0248625765532708,0.14283476457122188
3891,1423.3309932005604,0.9996614275065517,0.11295602182469806,3.0,7.0,0.0,-1421.4283137163222,-0.1967489391464955,1.013816375424391,0.1537635801588049
3892,1426.7830602867793,0.896284424916335,0.09999569550055215,3.0,11.0,0.0,-1424.7475357965893,-0.22852185082023566,1.0209485642248215,0.14270789817855664
3893,1424.7528810731253,0.9809100517254464,0.10268267199251127,5.0,35.0,0.0,-1423.3103213899344,-0.17951589050300495,1.004290234921401,0.14460140667404342
3894,1424.4554277564291,0.5683676077241387,0.13406260232242445,2.0,3.0,0.0,-1422.2978580709678,-0.23806844102050792,1.021225669143724,0.14229731928979536
3895,1424.242281035716,1.0,0.11295602182469806,2.0,3.0,0.0,-1423.4985474441628,-0.20103012409032942,1.0125737820950356,0.15365046208372068
3896,1426.2858100733358,0.9911433048646033,0.09999569550055215,4.0,15.0,0.0,-1426.1125658891067,-0.24014760162818363,1.0241287060141773,0.14226685166053124
3897,1426.5969752408764,0.9243785358800954,0.10268267199251127,2.0,3.0,0.0,-1423.8873179304992,-0.17975056649213397,1.0061564903522626,0.14448334296703222
3898,1426.0237071236468,0.9990188410612928,0.13406260232242445,5.0,31.0,0.0,-1422.95823302966,-0.23683073106599808,1.0247517910830701,0.14840615654034023
3899,1424.4946406942374,0.9367234703117456,0.11295602182469806,4.0,15.0,0.0,-1422.4033832029838,-0.20204019072313253,1.0150351792454755,0.1524216464633902
3900,1423.374373456563,0.7288915718286533,0.09999569550055215,5.0,31.0,0.0,-1422.691989475577,-0.23182035655999916,1.0248816032368346,0.14049780885740415
3901,1426.3534133098985,1.0,0.10268267199251127,5.0,47.0,0.0,-1425.9830969455827,-0.2505550971480006,1.027368121575537,0.14562618349987388
3902,1425.938459553345,0.9993214748186697,0.13406260232242445,5.0,31.0,0.0,-1425.3317199020134,-0.18450058056536503,1.009539457873922,0.14157312844730208
3903,1424.937389543852,0.9995966984822579,0.11295602182469806,1.0,3.0,0.0,-1424.453127616404,-0.20323547141093004,1.0144090775715824,0.1525941846010173
3904,1426.1614746961734,0.9990598419001122,0.09999569550055215,5.0,31.0,0.0,-1422.4422305222026,-0.1863471066168689,1.0093645750517874,0.14121427347185356
3905,1426.1498654194802,0.9994033473378434,0.10268267199251127,5.0,31.0,0.0,-1425.2093608684045,-0.24326498388794934,1.0253389222852907,0.14216316649389382
3906,1425.288994287598,0.9518780405569162,0.13406260232242445,5.0,31.0,0.0,-1424.801155968968,-0.17521971619029994,1.00422982158767,0.14159210938741576
3907,1425.673647277225,0.9118062932017825,0.11295602182469806,5.0,31.0,0.0,-1423.8341109531416,-0.21518255105767084,1.0159587458150063,0.15058144517202324
3908,1424.96894820947,0.70131032994929,0.09999569550055215,3.0,11.0,0.0,-1423.2275402129285,-0.17837924278966405,1.0054580061186107,0.14010351190374293
3909,1426.6816259359773,0.9999965411307232,0.10268267199251127,5.0,31.0,0.0,-1426.005455102403,-0.24129437296267134,1.024843089171943,0.1442791438945152
3910,1426.1128349631138,0.9275305097069771,0.13406260232242445,4.0,15.0,0.0,-1424.6932034044685,-0.17861697822724262,1.0072281872960227,0.14176507751226514
3911,1426.755918359604,0.9999515114539627,0.11295602182469806,5.0,31.0,0.0,-1425.0552214986424,-0.2036660870027971,1.0131422021094876,0.14833823146140376
3912,1424.4301865978478,0.9937094179415084,0.09999569550055215,5.0,63.0,0.0,-1423.1447563788295,-0.2638421891646383,1.0301616643765314,0.15008865078629322
3913,1427.0688576252803,0.9951825696150483,0.10268267199251127,5.0,35.0,0.0,-1425.0514918246106,-0.20310167197349036,1.0135354581590446,0.14765691089420796
3914,1420.8990496291492,0.2651971006710763,0.13406260232242445,1.0,3.0,0.0,-1420.485621969888,-0.1725252197730171,1.0091653449233677,0.14197957005593956
3915,1426.320304154602,0.8497398006855352,0.11295602182469806,1.0,3.0,0.0,-1425.7469922617004,-0.19964183460791446,1.0142262735002117,0.14834380728830354
3916,1424.9000327994477,0.9650464896434119,0.09999569550055215,5.0,31.0,0.0,-1422.1966009031087,-0.21290917869940348,1.0182920525983694,0.13978087961362848
3917,1425.7646178354398,0.945784066322939,0.10268267199251127,4.0,23.0,0.0,-1423.1017846836278,-0.19342101509149023,1.0122360387630656,0.14088925982227174
3918,1425.1493266969978,0.9990309267441477,0.13406260232242445,4.0,31.0,0.0,-1420.784391674078,-0.20906599313114124,1.013541659693605,0.14067211007592298
3919,1426.7896233301833,0.9898734852225118,0.11295602182469806,4.0,23.0,0.0,-1425.7510599740942,-0.2134715022269653,1.0173790276967105,0.14236166113303267
3920,1424.5405746112199,0.8309729436867052,0.09999569550055215,4.0,19.0,0.0,-1422.9184249621787,-0.20927631787705747,1.0125546455326229,0.14311649341167185
3921,1426.5072577947965,0.9833425656454228,0.10268267199251127,5.0,31.0,0.0,-1424.5640723641493,-0.21724547499486305,1.0190375661422864,0.14256616382880358
3922,1425.397700625361,1.0,0.13406260232242445,2.0,7.0,0.0,-1424.9332547017455,-0.20571605013510114,1.0159750550455755,0.14022324758842034
3923,1425.804792892725,0.8337234819824308,0.11295602182469806,4.0,31.0,0.0,-1424.8980731406284,-0.19568669571256625,1.0097310901994117,0.14252113739291394
3924,1426.9916395519151,1.0,0.09999569550055215,2.0,3.0,0.0,-1424.8551719874333,-0.20460234816443948,1.0137024369802252,0.14292763655394822
3925,1426.216665992997,0.9693841540174944,0.10268267199251127,5.0,31.0,0.0,-1425.811981670694,-0.23234236494893434,1.0205744169332773,0.14706460638567725
3926,1425.8176151760508,0.8422018065076396,0.13406260232242445,2.0,3.0,0.0,-1424.197718667818,-0.20757187962795984,1.0149343473428842,0.13981788409822166
3927,1424.7051242194423,0.9768440775989233,0.11295602182469806,5.0,31.0,0.0,-1424.2528936579138,-0.24672121577599979,1.0286195726429097,0.14818725813877184
3928,1426.3721294736706,0.9997920856089254,0.09999569550055215,5.0,31.0,0.0,-1426.0058819044164,-0.17438680376344703,1.0054612158988965,0.14291880370963259
3929,1426.8647109130404,0.9558459476762596,0.10268267199251127,2.0,3.0,0.0,-1425.7084961966732,-0.22860858506374654,1.0203822187179683,0.14701127081764545
3930,1426.6010718767545,0.999859830861986,0.13406260232242445,4.0,15.0,0.0,-1425.5023838430288,-0.1948188132315462,1.0114472854476428,0.1417402991933434
3931,1424.3339362129261,0.9724039421996865,0.11295602182469806,4.0,19.0,0.0,-1422.7851621422694,-0.260425400066673,1.0299825708379502,0.15133547018966562
3932,1425.9540571283721,0.7159857499391385,0.09999569550055215,5.0,31.0,0.0,-1422.838101138651,-0.17742206096908963,1.007561602785264,0.14863333925084746
3933,1425.6985195039933,0.963797518246503,0.10268267199251127,4.0,19.0,0.0,-1425.0044308719775,-0.2595123667474294,1.0301500524616258,0.14364785702357571
3934,1426.5190297076222,0.999015310876869,0.13406260232242445,4.0,31.0,0.0,-1424.8760502350588,-0.24445075748287826,1.0258843887067208,0.14408680764232396
3935,1424.4960204626545,0.9971266916100278,0.11295602182469806,4.0,15.0,0.0,-1423.7131141314258,-0.2696172711128072,1.0332020371224762,0.14960452100590252
3936,1426.5468677760439,0.9096903474687184,0.09999569550055215,3.0,15.0,0.0,-1424.384008731284,-0.18393791350574532,1.0094232641456036,0.14673381074015407
3937,1426.8998851544907,0.9773194094292165,0.10268267199251127,4.0,31.0,0.0,-1424.482557983718,-0.23087730898392372,1.0215176371968249,0.14722020074123215
3938,1425.9711963732595,0.9486337644403011,0.13406260232242445,5.0,47.0,0.0,-1421.7134888743753,-0.1641593316402959,1.0034648856818478,0.14467200482157133
3939,1425.7986406274672,0.9854604728756241,0.11295602182469806,3.0,15.0,0.0,-1421.257214192845,-0.2594332305861662,1.0299840111176846,0.14690795371900173
3940,1426.9799705662624,0.9996152553317792,0.09999569550055215,5.0,31.0,0.0,-1426.3382437992284,-0.21072410252801071,1.0149031817918976,0.14650833098226249
3941,1427.0709344545915,0.976606451869819,0.10268267199251127,4.0,19.0,0.0,-1426.6641541576919,-0.21825629427172355,1.018875599290886,0.14654367882029498
3942,1425.3485680913914,0.8372727598805417,0.13406260232242445,5.0,63.0,0.0,-1423.9217124559557,-0.21149666150798757,1.018643243825723,0.14312798538022908
3943,1425.9762055109409,0.9970745222076867,0.11295602182469806,5.0,31.0,0.0,-1425.6739781163706,-0.25553507538839526,1.0288162697261414,0.14716152018204046
3944,1426.0345992642838,0.9399006326368476,0.09999569550055215,3.0,15.0,0.0,-1424.2300766028995,-0.2079414559406485,1.0143658457579554,0.15040602312704554
3945,1427.0112595443065,0.8978864482514085,0.10268267199251127,4.0,27.0,0.0,-1423.1442529748451,-0.18544620943132223,1.0088385578537906,0.14610249662382727
3946,1426.8623410817647,0.9792081413310607,0.13406260232242445,4.0,31.0,0.0,-1425.1805900804825,-0.19075738162655426,1.0112270387139708,0.14470406215026965
3947,1426.8330931331377,0.9543034790854957,0.11295602182469806,5.0,63.0,0.0,-1425.2619455479808,-0.20161332592961406,1.012160670025834,0.14394074228795473
3948,1425.7206399297354,0.9792255295468852,0.09999569550055215,5.0,31.0,0.0,-1424.2869651081207,-0.2620776029796718,1.0305910504936528,0.14516926620389603
3949,1425.1580377065316,0.9449790215118202,0.10268267199251127,5.0,31.0,0.0,-1424.3729440526001,-0.25659113887912893,1.029398948018194,0.14133783718721193
3950,1427.2403681796332,0.6487581440629574,0.13406260232242445,2.0,3.0,0.0,-1424.0585309220828,-0.19600525986445783,1.0119755878921097,0.14552793429113076
3951,1425.1152506329727,0.9684719290275087,0.11295602182469806,4.0,31.0,0.0,-1424.3451908057125,-0.18960512334486118,1.0098640621463084,0.1390444969000004
3952,1426.4536979815414,0.9838217198288256,0.09999569550055215,5.0,31.0,0.0,-1425.4527450411063,-0.246223563001471,1.0261222383104656,0.1440215842096433
3953,1427.2341047141028,0.9233721828214153,0.10268267199251127,5.0,31.0,0.0,-1424.289160962624,-0.19550583248930456,1.0113370002213338,0.14535539698561714
3954,1426.0445204828331,0.8994151484368461,0.13406260232242445,3.0,13.0,0.0,-1425.6718159358081,-0.18869680481924414,1.0110675644023008,0.14875863471034467
3955,1426.3109842160382,0.9811572658471049,0.11295602182469806,4.0,31.0,0.0,-1423.522877664077,-0.24792260659334828,1.0273903179762,0.14557016858915633
3956,1426.981839390006,0.9979591061169316,0.09999569550055215,5.0,63.0,0.0,-1425.4978378029537,-0.18959786410884125,1.0099512077765256,0.14353653698381316
3957,1426.930385864915,0.9528352425502759,0.10268267199251127,4.0,19.0,0.0,-1426.468923712073,-0.1919550503748561,1.0096801257335226,0.14447336405121491
3958,1426.5225979430427,0.9829796703713441,0.13406260232242445,2.0,3.0,0.0,-1425.791147607041,-0.19029910766911035,1.009986736491068,0.14908521318943616
3959,1426.8863684600124,0.9338492756594253,0.11295602182469806,5.0,31.0,0.0,-1424.4868549787445,-0.22448599512686607,1.0196605697156242,0.14793537807843724
3960,1424.710236923117,0.7298214148681448,0.09999569550055215,5.0,39.0,0.0,-1423.5701458416825,-0.24028382720117075,1.0219077617605823,0.1432194021247365
3961,1426.334403393995,0.8483644482431545,0.10268267199251127,3.0,15.0,0.0,-1424.7526175607595,-0.188298918783363,1.0110837851807837,0.14407321901032624
3962,1424.8482586551831,0.863518035624142,0.13406260232242445,3.0,11.0,0.0,-1424.1383203367875,-0.1923451992577536,1.0093865909556674,0.15195906106718277
3963,1426.7527403446743,0.9711529695319877,0.11295602182469806,4.0,31.0,0.0,-1425.4059873017607,-0.19584383024299795,1.0124058740741104,0.1481521885257952
3964,1425.2764570656668,0.9889323880791404,0.09999569550055215,3.0,15.0,0.0,-1423.8514038334777,-0.2262170731240624,1.0228590711526997,0.1435479348368106
3965,1426.7800842605807,0.9985740572915929,0.10268267199251127,3.0,15.0,0.0,-1426.1702398789434,-0.19947772228426103,1.0114444415445296,0.14426216635490308
3966,1425.8815461325623,0.965802967531855,0.13406260232242445,4.0,27.0,0.0,-1424.2007074323292,-0.2060396551181946,1.0162450673943437,0.1494114044198706
3967,1426.1320974957455,0.9803026899644759,0.11295602182469806,4.0,31.0,0.0,-1424.0906898682786,-0.19929001295542853,1.0124281110484907,0.14053483625724636
3968,1424.142347081056,0.9086920478045464,0.09999569550055215,2.0,3.0,0.0,-1423.8623180445938,-0.2249254028214575,1.0232056864713448,0.14356936856531594
3969,1426.9565386528902,0.9978434526527459,0.10268267199251127,4.0,19.0,0.0,-1426.5122981472534,-0.20062396287356715,1.0125973301076352,0.14286011563309553
3970,1424.7312694051532,0.8390492683653507,0.13406260232242445,4.0,27.0,0.0,-1423.301167955179,-0.18887261480414097,1.0069809890486383,0.1484215172202092
3971,1425.7253164041954,0.9997620725153873,0.11295602182469806,4.0,31.0,0.0,-1424.9227353591652,-0.21073687110036834,1.0159917380095833,0.13965627244130424
3972,1426.5845114191168,0.9763021852009185,0.09999569550055215,2.0,3.0,0.0,-1424.422030799173,-0.23396693228424872,1.0216229246164485,0.14380379370991633
3973,1425.6929364564876,0.8762904085644789,0.10268267199251127,4.0,31.0,0.0,-1422.3033178564358,-0.22475852319524572,1.021538344086553,0.1413507448020205
3974,1425.1214081703154,0.9620027795079502,0.13406260232242445,4.0,19.0,0.0,-1423.927047943992,-0.1912063243562469,1.013017727513181,0.14446318606756137
3975,1426.9709667865702,0.8750801888315001,0.11295602182469806,4.0,19.0,0.0,-1419.3725351884514,-0.2127657328747363,1.015475844623947,0.14645520938248266
3976,1425.9918295405848,0.9999164426395126,0.09999569550055215,5.0,63.0,0.0,-1425.1357499352941,-0.18193023221683513,1.0086629617209655,0.1416952632133526
3977,1426.2724215179828,1.0,0.10268267199251127,5.0,31.0,0.0,-1425.1036085737633,-0.20924736816920259,1.0170532003525727,0.14246298472948815
3978,1426.9204301010675,1.0,0.13406260232242445,2.0,3.0,0.0,-1425.2780203679772,-0.19664576626546298,1.0108210465346597,0.1448668680596493
3979,1424.4912934223014,0.9898806244485119,0.11295602182469806,5.0,47.0,0.0,-1423.6230609762763,-0.27194270292056333,1.0346042342963107,0.14341330277856265
3980,1424.9004545962205,0.7835023111770512,0.09999569550055215,5.0,31.0,0.0,-1422.821181151361,-0.16122042144849008,0.9999334253957348,0.14792826668175182
3981,1426.9097339582815,0.9562156857382677,0.10268267199251127,4.0,27.0,0.0,-1425.4186286127713,-0.1960521454062833,1.0106413160554766,0.14582953974902405
3982,1425.9079365685197,0.9527679562202813,0.13406260232242445,4.0,23.0,0.0,-1425.4295647880672,-0.201417967971486,1.01484207574327,0.14158085937646092
3983,1424.9240183947002,0.9780369227358474,0.11295602182469806,2.0,7.0,0.0,-1424.2906801872964,-0.27048349480576284,1.0335220564256575,0.14358391853284846
3984,1424.5203400497287,0.8853256210212622,0.09999569550055215,5.0,31.0,0.0,-1422.0109314716622,-0.15117071585095287,0.9980000973825761,0.141775746573137
3985,1426.4474831887983,0.9592717113864936,0.10268267199251127,4.0,31.0,0.0,-1425.5201897434981,-0.21148536395151366,1.0176361410039456,0.14795715502756188
3986,1427.0025467254452,0.8055003815558789,0.13406260232242445,2.0,7.0,0.0,-1423.4783744650051,-0.20582928228360314,1.0150728370891549,0.14299161161884816
3987,1423.999100027879,0.8155750641845375,0.11295602182469806,5.0,31.0,0.0,-1422.7259157132858,-0.2637141866650229,1.0290089408972853,0.14851232971701359
3988,1424.6199516445993,0.9441939078453393,0.09999569550055215,4.0,15.0,0.0,-1423.6781119046589,-0.16015797395908812,1.0026574874513612,0.14114759371464208
3989,1425.2375421726117,0.8923600714114792,0.10268267199251127,5.0,35.0,0.0,-1422.9694334029857,-0.23546223361087132,1.021263639191151,0.14976577453663087
3990,1425.8748507792557,0.9872555889690519,0.13406260232242445,4.0,31.0,0.0,-1425.7200059190116,-0.2231546076534586,1.0188363337038515,0.1506084895840446
3991,1426.3891464909727,0.6045778053067675,0.11295602182469806,3.0,11.0,0.0,-1418.354797647526,-0.23989185148202014,1.0231273622300072,0.1459322030533388
3992,1425.0561954523994,0.7807658900265857,0.09999569550055215,5.0,31.0,0.0,-1422.4548737471202,-0.21670387962697263,1.0159889385711665,0.15120405369324183
3993,1425.7169838895377,0.9275355519680706,0.10268267199251127,2.0,3.0,0.0,-1424.4007234824896,-0.2340555190947865,1.0214968934572308,0.14990503324530985
3994,1424.6513057357256,0.8426334248763935,0.13406260232242445,2.0,7.0,0.0,-1424.3916730338508,-0.21636195581587767,1.0197397709544473,0.15103196319674184
3995,1426.6155975722058,0.7930965936928959,0.11295602182469806,4.0,27.0,0.0,-1423.0520843198296,-0.20517596058167495,1.013272520865821,0.1483179581444016
3996,1426.128409097179,0.9609731710730159,0.09999569550055215,4.0,19.0,0.0,-1424.4088850602882,-0.20306107748027785,1.011736903813759,0.1466644144177538
3997,1426.416337719644,0.9419975912896154,0.10268267199251127,5.0,31.0,0.0,-1424.752929661289,-0.2385788134773002,1.0233510200912683,0.1428117870671759
3998,1425.0704090192203,0.9743464212067433,0.13406260232242445,4.0,19.0,0.0,-1423.7352886649148,-0.21758828408167202,1.015600949931553,0.14170906191128113
3999,1426.7898758765707,0.9542620199444265,0.11295602182469806,2.0,3.0,0.0,-1426.2323529258797,-0.2048591976345819,1.0136658748247402,0.14848263122073724
